<?xml version="1.0"?>
<opencv_storage>
<Wspolczynniki_Ksztaltu type_id="opencv-matrix">
  <rows>219</rows>
  <cols>2</cols>
  <dt>f</dt>
  <data>
    1.13485832e+02 9.05533493e-01 1.26384895e+02 8.98743331e-01
    1.25708412e+02 9.02199268e-01 1.19511513e+02 8.99564803e-01
    1.25311249e+02 9.01206195e-01 1.25754288e+02 8.89757216e-01
    1.31117706e+02 8.92987132e-01 1.15047150e+02 9.07994628e-01
    1.29844543e+02 8.99585307e-01 1.23837074e+02 8.96841228e-01
    1.27217712e+02 8.95225763e-01 1.33716263e+02 8.91330779e-01
    1.07801033e+02 9.07888293e-01 1.28489426e+02 8.95554781e-01
    1.27965912e+02 8.95913541e-01 1.26705544e+02 9.02946770e-01
    1.27160904e+02 9.02138352e-01 1.24429070e+02 9.01680231e-01
    1.13754318e+02 9.04279113e-01 1.33011597e+02 8.98107231e-01
    1.31396606e+02 8.94714057e-01 1.16548958e+02 9.04636800e-01
    1.22385284e+02 9.00631785e-01 1.15235947e+02 9.03679729e-01
    1.20214592e+02 9.00349259e-01 1.18070763e+02 8.99524927e-01
    1.18428398e+02 8.98924232e-01 1.12191963e+02 9.04164374e-01
    1.16916206e+02 9.06159401e-01 1.19117180e+02 9.08604562e-01
    1.14773109e+02 9.07927513e-01 1.19139915e+02 9.04641330e-01
    1.15695183e+02 9.02582824e-01 1.13180107e+02 9.03488994e-01
    1.10437340e+02 9.07628775e-01 1.10095581e+02 9.03803289e-01
    1.20115356e+02 8.98328245e-01 1.19000427e+02 8.97957087e-01
    1.32234970e+02 8.94726217e-01 1.29201447e+02 8.98106933e-01
    1.29475967e+02 8.95613194e-01 1.34181274e+02 8.91551495e-01
    1.30984360e+02 8.94557238e-01 1.32313828e+02 8.96758497e-01
    1.43845932e+02 8.93213987e-01 1.29783096e+02 8.96733403e-01
    1.36750793e+02 8.93205941e-01 1.53810150e+02 8.87500882e-01
    1.55287628e+02 8.89655292e-01 1.50039856e+02 8.90367210e-01
    1.52842560e+02 8.90939176e-01 1.45201019e+02 8.92652333e-01
    1.57578857e+02 8.90961587e-01 1.52250824e+02 8.89555097e-01
    1.55153870e+02 8.88126194e-01 1.47153839e+02 8.92014861e-01
    1.51623184e+02 8.86155307e-01 1.51724854e+02 8.91508520e-01
    1.49768372e+02 8.93649042e-01 1.42848236e+02 8.90373886e-01
    1.55754181e+02 8.87568474e-01 1.43264740e+02 8.91665757e-01
    1.45227783e+02 8.91477048e-01 1.43381805e+02 8.93129826e-01
    1.53772064e+02 8.92043054e-01 1.48829025e+02 8.93480003e-01
    1.32074997e+02 8.94518971e-01 1.42169724e+02 8.93213212e-01
    1.38623627e+02 8.99989367e-01 1.26772079e+02 8.94883692e-01
    1.22924171e+02 8.94765615e-01 1.26313049e+02 9.00563776e-01
    1.12693871e+02 9.10757661e-01 1.17295166e+02 9.06733811e-01
    1.17438301e+02 9.07111943e-01 1.32781799e+02 9.00421917e-01
    1.14810974e+02 9.10453916e-01 1.41461899e+02 8.95910501e-01
    1.34626495e+02 8.98108482e-01 1.34451950e+02 8.99748802e-01
    1.24478119e+02 9.03150201e-01 1.25918144e+02 9.02012289e-01
    1.15183357e+02 9.05899584e-01 1.27285507e+02 9.03496444e-01
    1.29758316e+02 8.97775888e-01 1.23410469e+02 9.00538862e-01
    1.25287415e+02 9.02668059e-01 1.24844078e+02 9.02489841e-01
    1.17498688e+02 9.05279815e-01 1.26828918e+02 8.98934603e-01
    1.33297379e+02 8.95157874e-01 1.19945251e+02 9.02732909e-01
    1.27613190e+02 9.01005447e-01 1.24189461e+02 9.04222131e-01
    1.20287132e+02 9.05596197e-01 1.00313011e+02 9.16584253e-01
    1.14950409e+02 9.01892066e-01 1.15260971e+02 9.04647589e-01
    1.19796021e+02 9.03155804e-01 1.25307457e+02 8.97006691e-01
    1.06170593e+02 9.12560880e-01 1.26100510e+02 8.93776715e-01
    1.30163513e+02 8.97001684e-01 1.27872086e+02 8.98537517e-01
    1.28844757e+02 9.00517702e-01 1.27137970e+02 8.98222685e-01
    1.39322617e+02 8.98532271e-01 1.35405624e+02 8.94412875e-01
    1.39377914e+02 8.94935310e-01 1.38839096e+02 8.93551230e-01
    1.32845993e+02 8.96201968e-01 1.32353455e+02 8.97110760e-01
    1.23922966e+02 8.98870885e-01 1.24787910e+02 9.01305616e-01
    1.16075546e+02 9.01195705e-01 1.14683884e+02 8.97451580e-01
    1.13289833e+02 9.00725842e-01 1.10822289e+02 9.07521605e-01
    1.20772484e+02 9.01301205e-01 1.21791603e+02 9.01531279e-01
    1.10069283e+02 9.00242627e-01 1.17586311e+02 9.01003420e-01
    1.25831116e+02 8.99119794e-01 1.16797356e+02 8.97468746e-01
    1.13512817e+02 8.98786247e-01 1.31276871e+02 8.92491400e-01
    1.23572731e+02 8.92921448e-01 1.26670502e+02 8.96130025e-01
    1.20399315e+02 8.96116614e-01 1.15716660e+02 8.97636831e-01
    1.39739792e+02 8.92420650e-01 1.39638718e+02 8.94184589e-01
    1.30708359e+02 8.94494772e-01 1.35970245e+02 8.92156899e-01
    1.12460762e+02 9.00777817e-01 1.31520813e+02 8.96220922e-01
    1.33018036e+02 8.94301891e-01 1.51042328e+02 8.89988065e-01
    1.43815659e+02 8.92911136e-01 1.39500229e+02 8.94123316e-01
    1.23866280e+02 8.98127258e-01 1.33285217e+02 8.91384602e-01
    1.30385040e+02 8.94663334e-01 1.36461700e+02 8.94472003e-01
    1.33670639e+02 8.93360019e-01 1.37765015e+02 8.93350422e-01
    1.32953842e+02 8.92930448e-01 1.48459366e+02 8.92784595e-01
    1.19946106e+02 9.02077258e-01 1.25942474e+02 8.98194075e-01
    1.18946716e+02 8.99503767e-01 1.23583107e+02 8.99343789e-01
    1.23794388e+02 8.99514318e-01 1.26405128e+02 9.00652230e-01
    1.13970985e+02 9.06046391e-01 1.17565208e+02 8.98953319e-01
    1.18097092e+02 8.92387450e-01 1.19987976e+02 9.00477648e-01
    1.11557175e+02 9.01831567e-01 1.18351067e+02 9.04568791e-01
    1.30716995e+02 9.03185129e-01 1.23822182e+02 9.05853391e-01
    1.27370964e+02 8.94135296e-01 1.30278351e+02 8.93598676e-01
    1.29864944e+02 8.94114614e-01 1.25372780e+02 8.97346199e-01
    1.39998978e+02 8.95013690e-01 1.28756287e+02 8.96656513e-01
    1.28374496e+02 8.98816049e-01 1.31300644e+02 8.98276925e-01
    1.13602890e+02 8.99771690e-01 1.21663322e+02 9.02306139e-01
    1.22677246e+02 8.97507370e-01 1.18961502e+02 8.94400477e-01
    1.30101608e+02 8.95569921e-01 1.10770264e+02 9.01877522e-01
    1.06184738e+02 9.04695928e-01 1.15402390e+02 9.04501796e-01
    1.13070862e+02 9.07039821e-01 1.15332466e+02 9.06749547e-01
    1.18587151e+02 9.05392289e-01 1.31778641e+02 8.99177670e-01
    1.21116837e+02 9.05294240e-01 1.22300697e+02 9.04656172e-01
    1.19254570e+02 9.05946672e-01 1.24360703e+02 9.05163884e-01
    1.16302666e+02 9.04384792e-01 1.19206497e+02 9.04021442e-01
    1.19819824e+02 9.03171182e-01 1.19678810e+02 9.05348182e-01
    1.20836380e+02 9.04152811e-01 1.14550301e+02 9.08550024e-01
    1.13651932e+02 9.10452306e-01 1.10765648e+02 9.08758819e-01
    1.10746307e+02 9.09517229e-01 1.05483948e+02 9.10920084e-01
    1.16634415e+02 9.05397534e-01 1.19691254e+02 9.08385634e-01
    1.18388931e+02 9.08068240e-01 1.19966148e+02 8.99137437e-01
    1.13926094e+02 9.01675999e-01 1.10386169e+02 9.06204760e-01
    1.11316437e+02 9.06364143e-01 1.09075844e+02 9.08596337e-01
    1.05017418e+02 9.12385821e-01 1.08439819e+02 9.09832954e-01
    1.08157837e+02 9.10890460e-01 1.11077667e+02 9.07159448e-01
    1.20202507e+02 9.03422713e-01 1.12070564e+02 9.02616739e-01
    1.14618530e+02 9.07166660e-01 9.53664474e+01 9.17929709e-01
    9.25245895e+01 9.18614328e-01 1.25551483e+02 8.99971008e-01
    1.20918877e+02 9.02406573e-01 1.20708275e+02 9.04763818e-01
    1.14254707e+02 9.06689882e-01 1.16031830e+02 9.05312300e-01
    1.11700394e+02 9.05989766e-01</data></Wspolczynniki_Ksztaltu>
</opencv_storage>
