<?xml version="1.0"?>
<opencv_storage>
<Wspolczynniki_Ksztaltu type_id="opencv-matrix">
  <rows>200</rows>
  <cols>2</cols>
  <dt>f</dt>
  <data>
    1.43083633e+02 9.27147567e-01 1.35051132e+02 9.25977707e-01
    1.37211777e+02 9.21776474e-01 1.46688324e+02 9.20935571e-01
    1.40869110e+02 9.20584619e-01 1.28762070e+02 9.22372460e-01
    1.09990555e+02 9.31060672e-01 1.43850800e+02 9.25072670e-01
    1.37571350e+02 9.26777482e-01 1.37281982e+02 9.23707902e-01
    1.35295090e+02 9.22116220e-01 9.61805801e+01 9.27041113e-01
    1.55005768e+02 9.20940399e-01 1.54911697e+02 9.21318352e-01
    1.52444275e+02 9.18952763e-01 1.45025146e+02 9.25352097e-01
    1.58020370e+02 9.14559186e-01 1.78467209e+02 9.18006778e-01
    1.71962631e+02 9.18000638e-01 1.63110703e+02 9.17059779e-01
    1.55156586e+02 9.18205440e-01 1.78587601e+02 9.16260540e-01
    1.70354263e+02 9.17489052e-01 1.53831436e+02 9.18250382e-01
    1.59184433e+02 9.16822374e-01 1.83792313e+02 9.15192306e-01
    1.64242249e+02 9.17082489e-01 1.66234268e+02 9.13706183e-01
    1.55948624e+02 9.14700031e-01 1.03344315e+02 9.18251395e-01
    1.63812073e+02 9.18755174e-01 1.87109451e+02 9.13698971e-01
    1.75755264e+02 9.14741457e-01 1.78169083e+02 9.14970756e-01
    1.49993515e+02 9.19276834e-01 1.47080276e+02 9.23898518e-01
    1.38372574e+02 9.24095690e-01 1.23875748e+02 9.25151825e-01
    1.24481125e+02 9.22749281e-01 1.66585938e+02 9.22291696e-01
    1.75666992e+02 9.21406567e-01 1.72120331e+02 9.18764949e-01
    1.64242966e+02 9.21418250e-01 1.50888397e+02 9.22554135e-01
    1.45580276e+02 9.23497498e-01 1.61267685e+02 9.23813045e-01
    1.61285995e+02 9.22544718e-01 1.60639725e+02 9.25445795e-01
    1.55677872e+02 9.21795368e-01 1.54681290e+02 9.20984983e-01
    1.58738113e+02 9.20304656e-01 1.72663376e+02 9.18291986e-01
    1.33509796e+02 9.29279685e-01 1.41327133e+02 9.26002860e-01
    1.51691589e+02 9.23160851e-01 1.47699463e+02 9.23097372e-01
    1.41753647e+02 9.26098526e-01 1.47800629e+02 9.23702180e-01
    1.46564331e+02 9.24544692e-01 1.56860733e+02 9.16404843e-01
    1.53661148e+02 9.19164956e-01 1.55255264e+02 9.21238065e-01
    1.47490082e+02 9.25206959e-01 1.50995972e+02 9.12013769e-01
    1.50255981e+02 9.17039871e-01 1.46731125e+02 9.19929981e-01
    1.42201569e+02 9.21923220e-01 1.39429565e+02 9.18426394e-01
    1.47782654e+02 9.19380605e-01 1.47973923e+02 9.20605540e-01
    1.62116287e+02 9.22326267e-01 1.48340820e+02 9.26080763e-01
    1.29669754e+02 9.29360390e-01 1.50854996e+02 9.16743398e-01
    1.53727844e+02 9.16600943e-01 1.56213806e+02 9.21029091e-01
    1.49644608e+02 9.21694577e-01 1.45971008e+02 9.22952414e-01
    1.38109299e+02 9.21518385e-01 1.41045776e+02 9.21277046e-01
    1.37741699e+02 9.24407661e-01 1.32762802e+02 9.23544109e-01
    1.32225525e+02 9.22270954e-01 1.35373566e+02 9.18453753e-01
    1.30157806e+02 9.18179929e-01 1.27576500e+02 9.16376591e-01
    1.49699051e+02 9.21378672e-01 1.37689514e+02 9.18023288e-01
    1.40843353e+02 9.19883847e-01 1.37391510e+02 9.17770624e-01
    1.30963531e+02 9.15337145e-01 1.26267723e+02 9.08481300e-01
    1.49319595e+02 9.19675708e-01 1.31896957e+02 9.23552394e-01
    1.36002075e+02 9.20628369e-01 1.36521164e+02 9.19397295e-01
    1.32620026e+02 9.19845521e-01 1.29084442e+02 9.17994022e-01
    1.21945503e+02 9.09243941e-01 1.38353668e+02 9.21193361e-01
    1.33433823e+02 9.20582950e-01 1.35038086e+02 9.18581963e-01
    1.25640656e+02 9.22847986e-01 1.15797531e+02 9.21033442e-01
    1.93056534e+02 9.21017647e-01 1.94004074e+02 9.20948386e-01
    1.88041138e+02 9.20883060e-01 1.72108551e+02 9.19735730e-01
    1.67293533e+02 9.26661134e-01 1.54770477e+02 9.30209994e-01
    1.59537857e+02 9.25984919e-01 1.63485413e+02 9.27137613e-01
    1.63183197e+02 9.25833821e-01 1.52871384e+02 9.23694789e-01
    1.87206329e+02 9.26592529e-01 1.69002838e+02 9.23089445e-01
    1.44733749e+02 9.20597255e-01 1.93712906e+02 9.23686147e-01
    1.83505707e+02 9.25515831e-01 1.58301453e+02 9.19537663e-01
    1.84476501e+02 9.24541593e-01 1.75985077e+02 9.27052438e-01
    1.71475784e+02 9.28364635e-01 1.77798630e+02 9.26819444e-01
    1.69263260e+02 9.22782242e-01 1.83427628e+02 9.21987414e-01
    1.69125381e+02 9.28227127e-01 1.68642761e+02 9.28334713e-01
    1.74340591e+02 9.26007211e-01 1.69343140e+02 9.24702704e-01
    1.55695023e+02 9.29271460e-01 1.55353821e+02 9.32034075e-01
    1.66555954e+02 9.27385926e-01 1.58003571e+02 9.26061630e-01
    1.21598343e+02 9.30390000e-01 1.55964798e+02 9.22416747e-01
    1.55414108e+02 9.22734916e-01 1.40951950e+02 9.25181150e-01
    1.40793411e+02 9.25879300e-01 1.30928253e+02 9.28341568e-01
    1.21556412e+02 9.29097593e-01 1.50623245e+02 9.24239516e-01
    1.56299377e+02 9.23591912e-01 1.56097641e+02 9.21051323e-01
    1.50944992e+02 9.20771778e-01 1.48214996e+02 9.23404932e-01
    1.28986160e+02 9.23532367e-01 1.06792976e+02 9.31702971e-01
    1.22164688e+02 9.33404922e-01 1.27413765e+02 9.30038631e-01
    1.22282867e+02 9.33663905e-01 1.20157616e+02 9.36337411e-01
    1.07597031e+02 9.39588785e-01 1.41882431e+02 9.20475483e-01
    1.23366074e+02 9.26911414e-01 1.32059830e+02 9.22155261e-01
    1.55286621e+02 9.25849378e-01 1.59400604e+02 9.23887253e-01
    1.43085846e+02 9.25381243e-01 1.40415329e+02 9.24720764e-01
    1.38122803e+02 9.22359288e-01 1.42342224e+02 9.27885115e-01
    1.30003906e+02 9.29929316e-01 1.44282883e+02 9.28000331e-01
    1.37834656e+02 9.27540421e-01 1.34511963e+02 9.24933374e-01
    1.27564552e+02 9.28261995e-01 1.30000397e+02 9.28595066e-01
    1.31654633e+02 9.26293075e-01 1.36794434e+02 9.24204350e-01
    1.34221481e+02 9.23613429e-01 1.23795815e+02 9.22882259e-01
    1.18399658e+02 9.32266951e-01 1.26518784e+02 9.30280924e-01
    1.29543823e+02 9.28101122e-01 1.30753357e+02 9.27100480e-01
    1.51014618e+02 9.17193830e-01 1.43580124e+02 9.16857541e-01
    1.68171417e+02 9.26094830e-01 1.66498657e+02 9.24444735e-01
    1.69699036e+02 9.24488008e-01 1.65134918e+02 9.21939969e-01
    1.59748703e+02 9.22138751e-01 1.56074234e+02 9.20288146e-01
    1.47165054e+02 9.31293786e-01 1.44720627e+02 9.28940535e-01
    1.43418640e+02 9.26051259e-01 1.44041321e+02 9.23110008e-01
    1.43957367e+02 9.23904121e-01 1.39125626e+02 9.24520075e-01
    1.33872391e+02 9.22283232e-01 1.31077591e+02 9.28154409e-01
    1.31170105e+02 9.23468173e-01 1.32195648e+02 9.26632285e-01
    1.31366135e+02 9.26070690e-01 1.33475449e+02 9.25660431e-01
    1.31298141e+02 9.27671492e-01 1.40861862e+02 9.25449848e-01
    1.39441605e+02 9.21867132e-01 1.40586700e+02 9.19979811e-01</data></Wspolczynniki_Ksztaltu>
</opencv_storage>
