<?xml version="1.0"?>
<opencv_storage>
<Wspolczynniki_Ksztaltu type_id="opencv-matrix">
  <rows>354</rows>
  <cols>2</cols>
  <dt>f</dt>
  <data>
    1.00140610e+02 9.25546706e-01 9.90702744e+01 9.25805032e-01
    1.02085899e+02 9.25324559e-01 1.00386108e+02 9.24866736e-01
    1.00700569e+02 9.24036741e-01 1.01533844e+02 9.21348155e-01
    1.00917114e+02 9.21912134e-01 9.61611557e+01 9.20628607e-01
    1.01550873e+02 9.20384765e-01 1.00424507e+02 9.22008991e-01
    1.02104988e+02 9.20699120e-01 1.00212288e+02 9.21846449e-01
    1.01147720e+02 9.22534227e-01 1.03140091e+02 9.23357129e-01
    9.94541931e+01 9.26305830e-01 1.01073265e+02 9.23175752e-01
    1.00286339e+02 9.24865007e-01 1.00831123e+02 9.22893405e-01
    1.02976120e+02 9.22244489e-01 1.01382904e+02 9.20579076e-01
    9.87624054e+01 9.21166241e-01 1.00558968e+02 9.20019925e-01
    9.96565170e+01 9.23038065e-01 1.03350601e+02 9.21433985e-01
    1.01141479e+02 9.23405111e-01 1.07025566e+02 9.22699630e-01
    1.02431740e+02 9.23104405e-01 1.06645523e+02 9.23331916e-01
    1.06087296e+02 9.23599184e-01 1.01273186e+02 9.24309552e-01
    1.05538040e+02 9.22259927e-01 1.04714447e+02 9.20523465e-01
    1.03632889e+02 9.20576751e-01 1.05430321e+02 9.18702424e-01
    1.02687309e+02 9.23170447e-01 1.01953438e+02 9.23376620e-01
    1.01036957e+02 9.26864564e-01 1.23398880e+02 9.28209662e-01
    1.26929726e+02 9.24109161e-01 1.13459969e+02 9.24783051e-01
    1.19587601e+02 9.31972444e-01 1.27393768e+02 9.14410532e-01
    1.22555862e+02 9.09752846e-01 1.22423958e+02 9.22907650e-01
    1.26938782e+02 9.16885316e-01 1.33961212e+02 9.17748332e-01
    1.13687218e+02 9.20164406e-01 1.12510681e+02 9.28953350e-01
    1.20615395e+02 9.25896287e-01 1.22246223e+02 9.26405907e-01
    1.09364182e+02 9.28264558e-01 1.37807480e+02 9.22228932e-01
    1.20066574e+02 9.26461458e-01 1.10468071e+02 9.28071976e-01
    1.23387497e+02 9.25649881e-01 1.18394737e+02 9.31130588e-01
    1.17027191e+02 9.27884340e-01 1.20392929e+02 9.20709550e-01
    1.21280640e+02 9.19371724e-01 1.14241905e+02 9.22584772e-01
    1.21099525e+02 9.21980143e-01 1.12744377e+02 9.23728883e-01
    1.18126633e+02 9.24831271e-01 1.20292534e+02 9.22604561e-01
    1.16138229e+02 9.25720036e-01 1.12157013e+02 9.30204153e-01
    1.15041321e+02 9.27331626e-01 1.09466370e+02 9.32252169e-01
    1.10469254e+02 9.31352377e-01 1.29776840e+02 9.23272550e-01
    1.17231995e+02 9.23874974e-01 1.09747742e+02 9.25925255e-01
    9.75164261e+01 9.29583907e-01 1.00110710e+02 9.28172827e-01
    8.77076950e+01 9.31508362e-01 9.32741013e+01 9.31066990e-01
    9.24880066e+01 9.32252824e-01 9.63952332e+01 9.31543171e-01
    1.08879852e+02 9.30820048e-01 1.06545525e+02 9.33068156e-01
    1.06253624e+02 9.33235049e-01 1.07837135e+02 9.33925688e-01
    1.04705589e+02 9.32616174e-01 1.09555267e+02 9.30845320e-01
    1.10315971e+02 9.31781769e-01 1.08535568e+02 9.29147363e-01
    1.06834076e+02 9.27690387e-01 9.72698669e+01 9.28078234e-01
    9.61837997e+01 9.31309462e-01 8.79040222e+01 9.32654321e-01
    9.06250610e+01 9.31295872e-01 9.17218781e+01 9.32129562e-01
    9.00470352e+01 9.31727588e-01 8.94698410e+01 9.31338847e-01
    9.22473373e+01 9.33838964e-01 1.01223938e+02 9.34848666e-01
    1.02530060e+02 9.35579896e-01 9.83728943e+01 9.29012537e-01
    1.03628197e+02 9.37798202e-01 1.06017868e+02 9.35428679e-01
    1.07783363e+02 9.35414016e-01 1.07182655e+02 9.34973121e-01
    1.08693024e+02 9.33782876e-01 1.01082909e+02 9.31802094e-01
    1.04386864e+02 9.30856824e-01 9.15481186e+01 9.34474826e-01
    8.89291458e+01 9.32947695e-01 8.88197479e+01 9.32689846e-01
    8.96670837e+01 9.32110012e-01 9.22420883e+01 9.32720304e-01
    9.69901428e+01 9.31393743e-01 1.02818855e+02 9.31494892e-01
    1.04149025e+02 9.34668243e-01 1.05932320e+02 9.35541391e-01
    1.06980003e+02 9.33644593e-01 8.87722473e+01 9.33631182e-01
    1.08057053e+02 9.35246229e-01 1.04591904e+02 9.36555445e-01
    1.04984688e+02 9.34353173e-01 1.11782417e+02 9.33202982e-01
    1.11775017e+02 9.30988550e-01 1.06845169e+02 9.29833293e-01
    9.87351151e+01 9.29412067e-01 9.00507507e+01 9.30866659e-01
    8.75797119e+01 9.33313787e-01 9.07482300e+01 9.31987464e-01
    9.27247467e+01 9.32074666e-01 8.75616531e+01 9.32283640e-01
    9.01918945e+01 9.30966794e-01 9.28438263e+01 9.31720614e-01
    9.93005447e+01 9.31867063e-01 9.89580765e+01 9.31220114e-01
    1.06419212e+02 9.30651784e-01 1.12084854e+02 9.33559477e-01
    1.09237656e+02 9.35193658e-01 1.07485023e+02 9.33947802e-01
    8.93683472e+01 9.32500958e-01 1.08286377e+02 9.33532357e-01
    1.12750626e+02 9.33958054e-01 1.08910172e+02 9.31415677e-01
    1.04863953e+02 9.30210412e-01 9.79519196e+01 9.28574860e-01
    9.85469208e+01 9.28684771e-01 9.47275162e+01 9.28215802e-01
    9.15651932e+01 9.28398967e-01 1.05289818e+02 9.32150543e-01
    9.78673782e+01 9.24392641e-01 1.04225914e+02 9.33083296e-01
    9.61011887e+01 9.25224185e-01 9.24776077e+01 9.28743780e-01
    9.75165329e+01 9.29066241e-01 1.00115303e+02 9.28682983e-01
    9.86397095e+01 9.30500627e-01 1.01070702e+02 9.33480740e-01
    1.02465637e+02 9.34242308e-01 1.02812721e+02 9.35116172e-01
    9.94941025e+01 9.34866965e-01 1.00829582e+02 9.33217466e-01
    1.05849998e+02 9.32261586e-01 1.05571785e+02 9.31715190e-01
    1.08248726e+02 9.32873607e-01 1.05130821e+02 9.30929959e-01
    1.01405174e+02 9.28610206e-01 1.02226776e+02 9.27471042e-01
    1.04425980e+02 9.30247843e-01 9.08302765e+01 9.28398371e-01
    9.65378876e+01 9.22830224e-01 1.00554176e+02 9.27911878e-01
    9.77398834e+01 9.25096750e-01 9.43061066e+01 9.28048790e-01
    1.00000488e+02 9.28152323e-01 1.01544968e+02 9.31174517e-01
    1.01788528e+02 9.31242287e-01 9.77348251e+01 9.33456004e-01
    1.01010994e+02 9.25540507e-01 1.04203758e+02 9.27685261e-01
    1.07291466e+02 9.25682068e-01 1.07689987e+02 9.26638484e-01
    1.04625999e+02 9.25768733e-01 1.03731705e+02 9.26820815e-01
    1.00451302e+02 9.27037001e-01 1.05432007e+02 9.26705003e-01
    1.07007057e+02 9.26380336e-01 1.07757706e+02 9.26712751e-01
    1.06503563e+02 9.27612305e-01 1.07931122e+02 9.25651014e-01
    1.06523956e+02 9.27464724e-01 1.07784973e+02 9.26745474e-01
    1.06272873e+02 9.25775170e-01 1.03675797e+02 9.25934315e-01
    1.01379982e+02 9.25265670e-01 1.04971252e+02 9.24832880e-01
    1.07847809e+02 9.24911201e-01 1.05215210e+02 9.24736977e-01
    1.10706413e+02 9.25807595e-01 1.07670433e+02 9.25308287e-01
    1.08613739e+02 9.23383832e-01 1.09542931e+02 9.23294425e-01
    1.08274559e+02 9.23941553e-01 1.07573875e+02 9.23936546e-01
    1.09025177e+02 9.23920214e-01 1.07458389e+02 9.25339937e-01
    1.05060165e+02 9.25208330e-01 1.08871719e+02 9.25644517e-01
    1.03896393e+02 9.26885843e-01 1.04816338e+02 9.23402727e-01
    1.04934921e+02 9.25687134e-01 1.09054680e+02 9.25729334e-01
    1.05815338e+02 9.24850523e-01 1.09191284e+02 9.22631443e-01
    1.10673248e+02 9.23618019e-01 1.08365860e+02 9.22699988e-01
    1.09934700e+02 9.20782506e-01 1.08160133e+02 9.23429191e-01
    1.05141037e+02 9.23994839e-01 1.04241882e+02 9.23496306e-01
    1.05787796e+02 9.23819125e-01 1.03041550e+02 9.23967361e-01
    1.04316994e+02 9.23924327e-01 1.06098846e+02 9.19988930e-01
    1.03119644e+02 9.22935307e-01 1.01853165e+02 9.21684742e-01
    1.02561775e+02 9.24681246e-01 1.03565842e+02 9.26289737e-01
    1.04565231e+02 9.26898539e-01 1.07269768e+02 9.25041616e-01
    1.06209587e+02 9.23899353e-01 1.04598396e+02 9.25170779e-01
    1.06396332e+02 9.25453842e-01 1.05968849e+02 9.26052451e-01
    1.02772629e+02 9.23312962e-01 1.04418381e+02 9.22826290e-01
    1.02944061e+02 9.21758652e-01 1.03806183e+02 9.20702100e-01
    1.06083031e+02 9.19302583e-01 1.08864525e+02 9.22012210e-01
    9.74153748e+01 9.29936230e-01 9.11521149e+01 9.19511914e-01
    8.89469528e+01 9.29456174e-01 9.37769241e+01 9.21104014e-01
    9.21542511e+01 9.23317492e-01 9.17092285e+01 9.26162958e-01
    9.20479431e+01 9.32050288e-01 9.38857574e+01 9.32569683e-01
