<?xml version="1.0"?>
<opencv_storage>
<Wspolczynniki_Ksztaltu type_id="opencv-matrix">
  <rows>235</rows>
  <cols>2</cols>
  <dt>f</dt>
  <data>
    1.32691986e+02 9.11887467e-01 1.38966232e+02 9.08324838e-01
    1.17536530e+02 9.02575970e-01 1.11945877e+02 9.11539793e-01
    1.18566483e+02 9.08978045e-01 1.20525093e+02 9.03953552e-01
    1.16977898e+02 9.03669834e-01 1.25929901e+02 8.97759259e-01
    1.02063736e+02 9.20554161e-01 1.11982574e+02 9.11969602e-01
    1.17796463e+02 9.03716981e-01 1.18061401e+02 9.06058729e-01
    1.18791916e+02 9.03972447e-01 1.19817841e+02 9.02596593e-01
    9.99746933e+01 9.16635871e-01 1.08612267e+02 9.16336238e-01
    1.12542076e+02 9.15935934e-01 1.10413315e+02 9.06550944e-01
    1.20957924e+02 9.04595256e-01 1.18781479e+02 9.02742386e-01
    1.17324280e+02 9.05586541e-01 9.93889999e+01 9.21755135e-01
    1.05476166e+02 9.20317948e-01 9.34860306e+01 9.19123232e-01
    1.04756912e+02 9.14589584e-01 1.09205124e+02 9.10980046e-01
    1.23989601e+02 9.04011428e-01 1.17150658e+02 9.02758181e-01
    1.06095787e+02 9.14714038e-01 1.10960739e+02 9.08131897e-01
    1.19056831e+02 9.05779064e-01 1.12108322e+02 9.04299617e-01
    1.15553185e+02 9.07381415e-01 1.16632751e+02 9.07857358e-01
    1.24639862e+02 9.16525185e-01 1.23368530e+02 9.12146211e-01
    1.25456299e+02 9.10286367e-01 1.14764153e+02 9.15748358e-01
    1.31066162e+02 9.05106008e-01 1.19994164e+02 9.13551569e-01
    1.23725670e+02 9.20002580e-01 1.25020355e+02 9.17424738e-01
    1.16835434e+02 9.21512485e-01 1.14476349e+02 9.12910521e-01
    1.15629486e+02 9.18170810e-01 1.29028381e+02 9.09713447e-01
    1.20758682e+02 9.09395516e-01 1.08008835e+02 9.18226898e-01
    1.06489784e+02 9.17598128e-01 1.10561470e+02 9.20692921e-01
    1.05233940e+02 9.22871411e-01 1.07689217e+02 9.18486953e-01
    1.16600670e+02 9.11371946e-01 1.21336205e+02 9.10565376e-01
    1.25414917e+02 9.10311937e-01 1.31140228e+02 9.12622452e-01
    1.33396698e+02 9.11894500e-01 1.27055862e+02 9.09925997e-01
    1.11788010e+02 9.18503463e-01 1.12747681e+02 9.17839170e-01
    1.17998932e+02 9.16669369e-01 1.15477783e+02 9.08837914e-01
    1.17421188e+02 9.07132447e-01 1.22293785e+02 9.05547440e-01
    1.18022606e+02 9.06087816e-01 1.22719330e+02 9.17845964e-01
    1.20740791e+02 9.13518965e-01 1.19427231e+02 9.11050498e-01
    1.21891136e+02 9.12582517e-01 1.17087357e+02 9.10011768e-01
    1.41047455e+02 9.07991469e-01 1.53763382e+02 9.11865056e-01
    1.19038475e+02 9.09776270e-01 1.25272789e+02 9.10189092e-01
    1.21355362e+02 9.07011926e-01 1.24523460e+02 9.05075848e-01
    1.47778748e+02 9.07717288e-01 1.50168640e+02 9.12659824e-01
    1.22649315e+02 9.10836160e-01 1.23392853e+02 9.04995024e-01
    1.21098907e+02 9.09065723e-01 1.19795380e+02 9.08180892e-01
    1.43671509e+02 9.09145236e-01 1.51276123e+02 9.10016775e-01
    1.39580734e+02 9.16632712e-01 1.35614151e+02 9.20664430e-01
    1.25563530e+02 9.27428782e-01 1.16021683e+02 9.08912420e-01
    1.25659035e+02 9.06262755e-01 1.19100922e+02 9.05284822e-01
    1.35816452e+02 9.11556304e-01 1.59268051e+02 9.19559717e-01
    1.17011269e+02 9.12818432e-01 1.12828934e+02 9.23377216e-01
    1.13120346e+02 9.21049774e-01 1.09939171e+02 9.21950102e-01
    1.13004379e+02 9.22677219e-01 1.21199203e+02 9.14196849e-01
    1.22532333e+02 9.04732347e-01 1.28795090e+02 9.04858470e-01
    1.06945984e+02 9.23985898e-01 1.15177238e+02 9.31049228e-01
    1.10856659e+02 9.29239213e-01 1.18216171e+02 9.30574358e-01
    1.21292534e+02 9.13365424e-01 1.18307198e+02 9.14984941e-01
    1.05034447e+02 9.21732247e-01 1.09147644e+02 9.19442534e-01
    1.17588539e+02 9.14090574e-01 1.19096352e+02 9.10029888e-01
    1.20873329e+02 9.04537916e-01 1.37999542e+02 9.11797583e-01
    1.20975624e+02 9.05380964e-01 1.19789360e+02 9.05296862e-01
    1.22526627e+02 9.02775764e-01 1.27798965e+02 9.00835812e-01
    1.26168327e+02 9.01625276e-01 1.37920197e+02 9.07881618e-01
    1.08245117e+02 9.07668114e-01 1.07135353e+02 9.10205662e-01
    1.13536392e+02 9.09638166e-01 1.18395988e+02 9.04049397e-01
    1.10751465e+02 9.16399479e-01 1.08712791e+02 9.09045279e-01
    1.18483032e+02 9.01600599e-01 1.18289772e+02 9.21306789e-01
    1.32979004e+02 9.20111239e-01 1.25407806e+02 9.24213171e-01
    1.35805527e+02 9.16915119e-01 1.47403336e+02 9.08791602e-01
    1.33187607e+02 9.09073710e-01 1.29665756e+02 9.15701926e-01
    1.39560776e+02 9.13339376e-01 1.31649994e+02 9.21494424e-01
    1.30524521e+02 9.16333735e-01 1.49292130e+02 9.08868909e-01
    1.44891876e+02 9.02961135e-01 1.34700684e+02 9.12899375e-01
    1.17675179e+02 9.14975464e-01 1.23161407e+02 9.07401025e-01
    1.41159561e+02 9.01963353e-01 1.45938446e+02 9.01035190e-01
    1.48946320e+02 9.21104670e-01 1.80140396e+02 9.10309076e-01
    1.28467407e+02 9.12836254e-01 1.18339195e+02 9.12447274e-01
    1.10164513e+02 9.14379179e-01 1.12133568e+02 9.13971364e-01
    1.25899002e+02 9.04556036e-01 1.38761978e+02 9.05278146e-01
    1.46255035e+02 9.05739129e-01 1.74913193e+02 9.14038301e-01
    1.45086044e+02 9.03006911e-01 1.48200348e+02 9.05197144e-01
    1.70229904e+02 9.09695446e-01 1.72148209e+02 9.07401383e-01
    1.17303658e+02 9.07258332e-01 1.22337158e+02 9.06744659e-01
    1.26096436e+02 8.99734080e-01 1.37839569e+02 8.99758339e-01
    1.39709747e+02 8.99109721e-01 1.29964539e+02 9.20306265e-01
    1.33968796e+02 9.16317999e-01 1.47527969e+02 9.12571549e-01
    1.30843430e+02 9.02365446e-01 1.36390625e+02 9.05111074e-01
    1.26038063e+02 9.21125591e-01 1.35994171e+02 9.20455694e-01
    1.49305801e+02 9.14173305e-01 1.45076630e+02 9.11334217e-01
    1.48960739e+02 9.11311507e-01 1.65381958e+02 9.15244460e-01
    1.20474640e+02 9.16062772e-01 1.25821365e+02 9.09852445e-01
    1.34018768e+02 9.02803242e-01 1.14112656e+02 9.11897242e-01
    1.17332870e+02 9.10136938e-01 1.25303307e+02 9.05369878e-01
    1.13995186e+02 9.11365688e-01 1.22113358e+02 9.11599755e-01
    1.17037827e+02 9.09819543e-01 1.12505676e+02 9.14713085e-01
    1.21033043e+02 9.06904280e-01 1.18989380e+02 9.09263313e-01
    1.16314735e+02 9.13215220e-01 1.09890099e+02 9.14236128e-01
    1.12373932e+02 9.10274923e-01 1.08640732e+02 9.13966775e-01
    1.12526009e+02 9.14342463e-01 1.08285706e+02 9.14853215e-01
    1.01788406e+02 9.15395617e-01 1.15004616e+02 9.03767943e-01
    1.24974052e+02 8.99057984e-01 1.21895889e+02 9.05137837e-01
    1.01700569e+02 9.12287116e-01 1.07134651e+02 9.11522448e-01
    1.10061150e+02 9.06155348e-01 1.07494812e+02 9.11493659e-01
    1.12574547e+02 9.05260265e-01 1.07451317e+02 9.07251835e-01
    1.13495857e+02 9.01543498e-01 1.10593376e+02 9.06881392e-01
    1.08758995e+02 9.03888404e-01 1.08125870e+02 9.05188322e-01
    1.04268425e+02 9.06660080e-01 1.04957314e+02 9.07370865e-01
    1.01400726e+02 9.13488925e-01 1.03713646e+02 9.11540806e-01
    9.64490738e+01 9.28836107e-01 9.68641968e+01 9.28920329e-01
    1.15914742e+02 9.29815114e-01 1.08671761e+02 9.22615767e-01
    9.75209503e+01 9.29096997e-01 1.27154091e+02 9.14967358e-01
    1.17366104e+02 9.23152864e-01 1.18172287e+02 9.20185089e-01
    1.16393730e+02 9.19675887e-01 9.86438522e+01 9.19302642e-01
    1.14817139e+02 9.11475778e-01 9.56918411e+01 9.26823080e-01
    1.28358337e+02 9.08515036e-01 1.12894211e+02 9.19072330e-01
    1.16034546e+02 9.23681200e-01 1.18840820e+02 9.21523809e-01
    1.27374474e+02 9.10875857e-01 1.00248993e+02 9.19593811e-01
    1.23101379e+02 9.16128933e-01 1.26084549e+02 9.19020951e-01
    1.26559753e+02 9.19585764e-01 1.30113617e+02 9.16939616e-01
    1.30166138e+02 9.11364138e-01 1.07905922e+02 9.11162972e-01
    1.10719063e+02 9.05691385e-01 1.15156288e+02 9.09461677e-01
    1.18261353e+02 9.10124898e-01</data></Wspolczynniki_Ksztaltu>
</opencv_storage>
