<?xml version="1.0"?>
<opencv_storage>
<Wspolczynniki_Ksztaltu type_id="opencv-matrix">
  <rows>353</rows>
  <cols>2</cols>
  <dt>f</dt>
  <data>
    1.96336380e+02 9.31782484e-01 1.91151031e+02 9.26098645e-01
    1.88792786e+02 9.25329447e-01 1.76938721e+02 9.22562599e-01
    1.77128616e+02 9.20915008e-01 1.68266418e+02 9.19701576e-01
    1.58153290e+02 9.15625155e-01 1.65666748e+02 9.19086218e-01
    1.73389404e+02 9.19185877e-01 1.72091873e+02 9.22148049e-01
    1.75914688e+02 9.26436067e-01 1.94845490e+02 9.27169681e-01
    1.84611847e+02 9.30490792e-01 1.32736420e+02 9.28642035e-01
    1.63637955e+02 9.31770086e-01 1.81103912e+02 9.28821564e-01
    1.81929047e+02 9.26737726e-01 1.71203568e+02 9.24029171e-01
    1.59644669e+02 9.22920823e-01 1.51885788e+02 9.22303557e-01
    1.51546982e+02 9.20312107e-01 1.49785645e+02 9.22868252e-01
    1.49216141e+02 9.22448933e-01 1.51957626e+02 9.25182998e-01
    1.55582840e+02 9.25964773e-01 1.66055191e+02 9.31005299e-01
    1.28597488e+02 9.31148410e-01 1.63939606e+02 9.33894634e-01
    1.60662781e+02 9.31098580e-01 1.72584549e+02 9.28858638e-01
    1.53574280e+02 9.25955117e-01 1.53325867e+02 9.23391521e-01
    1.40671066e+02 9.19908822e-01 1.25117378e+02 9.19628978e-01
    1.32411667e+02 9.24529970e-01 1.41651001e+02 9.23980415e-01
    1.47206573e+02 9.24572229e-01 1.53065338e+02 9.25905406e-01
    1.64556610e+02 9.29332078e-01 1.56262009e+02 9.31421638e-01
    1.65984253e+02 9.25366879e-01 1.68874557e+02 9.32165682e-01
    1.83078659e+02 9.30134177e-01 2.21643158e+02 9.22925889e-01
    2.31648743e+02 9.29171324e-01 1.83915863e+02 9.36674714e-01
    1.61781174e+02 9.35750067e-01 1.71258118e+02 9.28991079e-01
    1.90741867e+02 9.31803882e-01 1.97393387e+02 9.28380013e-01
    1.84289642e+02 9.26469028e-01 2.01345703e+02 9.25454497e-01
    1.41309891e+02 9.14679229e-01 1.86201965e+02 9.25936401e-01
    1.66996124e+02 9.28843498e-01 1.78603363e+02 9.30023491e-01
    2.15182999e+02 9.25808489e-01 1.78553131e+02 9.32456136e-01
    1.66386978e+02 9.39132452e-01 1.94584595e+02 9.26203132e-01
    2.29351257e+02 9.23885524e-01 1.71731201e+02 9.37022090e-01
    1.70303574e+02 9.35001552e-01 2.30876572e+02 9.27589953e-01
    1.89734818e+02 9.23517287e-01 1.68297226e+02 9.26481307e-01
    1.36924484e+02 9.14102137e-01 1.53126984e+02 9.25145030e-01
    1.76437286e+02 9.34295297e-01 1.77746933e+02 9.33119893e-01
    1.73663803e+02 9.28117573e-01 1.84887512e+02 9.30717170e-01
    1.85203568e+02 9.32995856e-01 1.74668686e+02 9.30817485e-01
    1.60609818e+02 9.32551384e-01 1.64551895e+02 9.29994941e-01
    1.78338364e+02 9.27529454e-01 1.80877365e+02 9.28000450e-01
    1.79631195e+02 9.30441678e-01 1.65302185e+02 9.28721666e-01
    1.77276810e+02 9.28794861e-01 1.95360596e+02 9.30263698e-01
    2.01590302e+02 9.23570991e-01 2.14312958e+02 9.30635512e-01
    1.82644104e+02 9.32960570e-01 1.77926971e+02 9.33140039e-01
    1.68717102e+02 9.29231524e-01 1.84657791e+02 9.27449048e-01
    1.85342255e+02 9.28088486e-01 1.51916885e+02 9.25996244e-01
    1.51759216e+02 9.23134923e-01 1.43367645e+02 9.23125625e-01
    1.50090073e+02 9.33119535e-01 1.80158752e+02 9.31816876e-01
    1.87546677e+02 9.34959710e-01 1.79124817e+02 9.38926339e-01
    1.14683380e+02 9.39194798e-01 1.32987915e+02 9.38271940e-01
    1.97377274e+02 9.28820670e-01 1.80741455e+02 9.29921329e-01
    2.00011063e+02 9.25851405e-01 1.78007965e+02 9.26174581e-01
    1.53548386e+02 9.26277459e-01 1.61831924e+02 9.23543572e-01
    1.60353989e+02 9.34272110e-01 1.51493713e+02 9.27368402e-01
    1.47263824e+02 9.25959229e-01 1.57970123e+02 9.28800225e-01
    1.53790817e+02 9.31241512e-01 1.67803711e+02 9.30996716e-01
    1.82954453e+02 9.36760128e-01 2.08593002e+02 9.39058959e-01
    1.84153244e+02 9.31006968e-01 1.82915421e+02 9.31906044e-01
    1.98250946e+02 9.29139912e-01 1.65689438e+02 9.32033539e-01
    1.46665710e+02 9.25060093e-01 1.86556107e+02 9.25202489e-01
    2.09610855e+02 9.26876843e-01 1.86189774e+02 9.25734758e-01
    2.10643021e+02 9.18720305e-01 1.98265930e+02 9.18235302e-01
    1.88709732e+02 9.19995010e-01 1.56567596e+02 9.16736186e-01
    1.35940811e+02 9.16286349e-01 1.45742035e+02 9.13875043e-01
    1.64669052e+02 9.15393531e-01 1.82021652e+02 9.31298256e-01
    1.86106903e+02 9.23232436e-01 1.68192841e+02 9.24655557e-01
    1.58438965e+02 9.23281014e-01 1.76718796e+02 9.34495687e-01
    1.98845703e+02 9.28939223e-01 2.02207184e+02 9.26667035e-01
    1.87459091e+02 9.22115445e-01 1.88280197e+02 9.20235217e-01
    1.78607956e+02 9.21300948e-01 1.56458847e+02 9.21448767e-01
    1.50925476e+02 9.19868112e-01 1.33134918e+02 9.17329848e-01
    1.45836212e+02 9.19533193e-01 1.66342560e+02 9.19590056e-01
    1.80374344e+02 9.21518743e-01 1.83532791e+02 9.25686359e-01
    1.86421463e+02 9.28594828e-01 1.62500381e+02 9.28970695e-01
    1.87869476e+02 9.20839310e-01 1.76600327e+02 9.36528265e-01
    2.10191757e+02 9.29437160e-01 2.19195786e+02 9.26368713e-01
    2.29163452e+02 9.23787177e-01 1.85014297e+02 9.20510769e-01
    1.85711411e+02 9.22405303e-01 1.86206772e+02 9.23285306e-01
    1.85614044e+02 9.23300266e-01 1.77724487e+02 9.23962057e-01
    1.81510712e+02 9.22044992e-01 2.17868011e+02 9.24437582e-01
    2.07520050e+02 9.24506187e-01 2.22701950e+02 9.26809549e-01
    2.06984634e+02 9.33005214e-01 1.33147095e+02 9.30057406e-01
    2.02601883e+02 9.28296506e-01 2.00476517e+02 9.26253617e-01
    1.98193863e+02 9.23120141e-01 1.94426331e+02 9.21529472e-01
    1.93203354e+02 9.21994269e-01 1.48336395e+02 9.13050532e-01
    2.04309937e+02 9.22264755e-01 1.34022400e+02 9.29380834e-01
    1.63353897e+02 9.31020498e-01 1.87958725e+02 9.28321600e-01
    1.99645721e+02 9.25808311e-01 2.03233521e+02 9.25143778e-01
    1.93216797e+02 9.22875106e-01 1.99766190e+02 9.21670079e-01
    1.95861313e+02 9.24099445e-01 1.78309082e+02 9.21296060e-01
    1.79568573e+02 9.21722054e-01 2.04910126e+02 9.22686815e-01
    2.04385925e+02 9.24368322e-01 2.20689606e+02 9.22103345e-01
    2.05020874e+02 9.26111758e-01 1.98099075e+02 9.31967556e-01
    1.70407013e+02 9.36543882e-01 2.19997589e+02 9.22015905e-01
    2.25645004e+02 9.22463238e-01 1.46770187e+02 9.30775940e-01
    1.79492203e+02 9.29113209e-01 1.94250229e+02 9.26040292e-01
    1.94679535e+02 9.25303221e-01 1.98796265e+02 9.20867503e-01
    1.82974365e+02 9.19472277e-01 2.06592819e+02 9.22795832e-01
    1.75145874e+02 9.19889271e-01 1.82423935e+02 9.24634337e-01
    1.82641907e+02 9.20949459e-01 2.00231445e+02 9.22232628e-01
    2.09228699e+02 9.23494875e-01 2.11966827e+02 9.22940910e-01
    2.04852905e+02 9.23846245e-01 2.08494476e+02 9.28907752e-01
    1.93317444e+02 9.35571015e-01 1.86998886e+02 9.27361369e-01
    1.32838745e+02 9.28798020e-01 1.37028412e+02 9.30388570e-01
    1.41015854e+02 9.26316619e-01 1.82124573e+02 9.28854883e-01
    2.15413101e+02 9.25259292e-01 2.19456390e+02 9.23471034e-01
    1.77010910e+02 9.19626594e-01 1.81485840e+02 9.23812807e-01
    1.79388977e+02 9.24108565e-01 1.69589371e+02 9.21619654e-01
    1.69885757e+02 9.23277080e-01 1.92080078e+02 9.21985865e-01
    2.10078247e+02 9.24272001e-01 2.12583176e+02 9.24812973e-01
    2.31545166e+02 9.27725315e-01 1.40658447e+02 9.28729117e-01
    1.52814453e+02 9.33190405e-01 1.63668671e+02 9.32581306e-01
    1.79292786e+02 9.32073355e-01 1.69598267e+02 9.27864254e-01
    1.57604477e+02 9.31025445e-01 1.53814041e+02 9.29608941e-01
    1.53302200e+02 9.31078434e-01 1.35499008e+02 9.32474017e-01
    1.41851563e+02 9.31535602e-01 1.36747528e+02 9.31025445e-01
    1.45961563e+02 9.29828227e-01 1.47490677e+02 9.29883957e-01
    1.69644485e+02 9.30271685e-01 1.74969009e+02 9.34362888e-01
    1.61586227e+02 9.36695695e-01 1.40323074e+02 9.31606174e-01
    1.77258698e+02 9.32097137e-01 1.41180176e+02 9.35123146e-01
    2.05469635e+02 9.34266090e-01 1.66777939e+02 9.29302335e-01
    1.54590271e+02 9.32068169e-01 1.58414749e+02 9.29181218e-01
    1.57455154e+02 9.31158423e-01 1.36212402e+02 9.30827379e-01
