<?xml version="1.0"?>
<opencv_storage>
<Wspolczynniki_Ksztaltu type_id="opencv-matrix">
  <rows>236</rows>
  <cols>2</cols>
  <dt>f</dt>
  <data>
    8.12954254e+01 9.29147363e-01 9.26687927e+01 9.16167438e-01
    9.59995651e+01 9.19439197e-01 7.87207260e+01 9.31690395e-01
    7.98221817e+01 9.26648974e-01 8.66705170e+01 9.20345366e-01
    8.50322113e+01 9.22319770e-01 9.11211929e+01 9.17593300e-01
    9.31321564e+01 9.17582989e-01 8.98479538e+01 9.17051077e-01
    8.92596817e+01 9.19090629e-01 8.29262238e+01 9.26420391e-01
    7.77954025e+01 9.29087281e-01 8.91633224e+01 9.20324028e-01
    9.28058624e+01 9.20255184e-01 9.71200027e+01 9.13334191e-01
    8.48897247e+01 9.22934949e-01 8.01038895e+01 9.25523758e-01
    8.72361526e+01 9.21629548e-01 8.56109238e+01 9.19696808e-01
    8.50654068e+01 9.24362361e-01 9.02610245e+01 9.20444608e-01
    8.30529022e+01 9.22930598e-01 8.50766602e+01 9.26131308e-01
    8.14988251e+01 9.24731612e-01 8.32327423e+01 9.24395978e-01
    1.00756142e+02 9.27704394e-01 8.80018616e+01 9.30596769e-01
    9.61919861e+01 9.21713352e-01 9.23056030e+01 9.20815587e-01
    9.29320679e+01 9.25360918e-01 9.41319733e+01 9.25543427e-01
    8.87116852e+01 9.26768661e-01 1.00214195e+02 9.24677134e-01
    9.70259018e+01 9.21253562e-01 1.03856140e+02 9.19869423e-01
    1.08634293e+02 9.19974267e-01 9.43926620e+01 9.22070265e-01
    9.57879028e+01 9.21330333e-01 9.10566101e+01 9.23891425e-01
    9.67892303e+01 9.20918405e-01 9.90021057e+01 9.24594045e-01
    1.09268173e+02 9.21221137e-01 9.89234390e+01 9.18604195e-01
    7.34042206e+01 9.31092978e-01 7.56352997e+01 9.28847849e-01
    7.83749771e+01 9.23504472e-01 8.09907837e+01 9.20053303e-01
    8.22336349e+01 9.19297576e-01 8.38068466e+01 9.22253847e-01
    8.22284241e+01 9.20855641e-01 7.93123932e+01 9.24446106e-01
    7.81849518e+01 9.24844980e-01 8.19073105e+01 9.22703326e-01
    8.21556396e+01 9.23601806e-01 7.96542206e+01 9.24219012e-01
    7.62221909e+01 9.25066769e-01 7.58615723e+01 9.27139759e-01
    7.71404572e+01 9.34581161e-01 7.06806870e+01 9.29538488e-01
    6.93316269e+01 9.30200040e-01 6.85024796e+01 9.31942046e-01
    7.33755722e+01 9.32200134e-01 8.32041473e+01 9.19478536e-01
    8.15550232e+01 9.20396268e-01 7.52168732e+01 9.31227505e-01
    7.07873154e+01 9.31413531e-01 7.15400238e+01 9.31098521e-01
    7.40608978e+01 9.27668333e-01 7.87870178e+01 9.21749949e-01
    7.88953552e+01 9.22835648e-01 7.90666351e+01 9.24859881e-01
    8.17242813e+01 9.24405456e-01 7.46432495e+01 9.35186625e-01
    7.59617615e+01 9.29215431e-01 7.98839569e+01 9.25556898e-01
    8.54571686e+01 9.16738212e-01 8.74183044e+01 9.18498993e-01
    8.72927856e+01 9.18706775e-01 8.59335098e+01 9.19050455e-01
    8.41982346e+01 9.20475781e-01 8.37850037e+01 9.22589064e-01
    8.20911102e+01 9.24196482e-01 7.78875809e+01 9.27255511e-01
    7.09493332e+01 9.29416358e-01 7.62988281e+01 9.28538322e-01
    7.91408768e+01 9.26046193e-01 8.07511902e+01 9.23210740e-01
    8.18496017e+01 9.22727942e-01 8.09332886e+01 9.22489762e-01
    8.17575989e+01 9.21816468e-01 7.99995346e+01 9.23264384e-01
    8.35396347e+01 9.20757949e-01 8.12842865e+01 9.26059961e-01
    9.50873489e+01 9.22707498e-01 9.17122574e+01 9.22790349e-01
    9.20109177e+01 9.21244264e-01 9.47091446e+01 9.21523690e-01
    8.86534271e+01 9.26509798e-01 8.39083099e+01 9.29249167e-01
    7.89095612e+01 9.28044379e-01 8.73519897e+01 9.21859086e-01
    8.64553833e+01 9.24317420e-01 8.54574890e+01 9.23209965e-01
    9.20135040e+01 9.23834026e-01 9.20307465e+01 9.25590932e-01
    8.82029724e+01 9.24186587e-01 8.87875366e+01 9.22687232e-01
    8.97943954e+01 9.23418760e-01 9.08454056e+01 9.22500193e-01
    8.74759293e+01 9.22617674e-01 8.92007523e+01 9.22432184e-01
    9.11739044e+01 9.21400964e-01 9.49702072e+01 9.19081032e-01
    8.34213791e+01 9.25291419e-01 9.22847137e+01 9.20980215e-01
    8.37742386e+01 9.23917949e-01 8.47160416e+01 9.21491444e-01
    8.00925674e+01 9.25935090e-01 8.74768295e+01 9.23393667e-01
    9.06508636e+01 9.23354268e-01 9.09034348e+01 9.23538804e-01
    9.36262512e+01 9.18064475e-01 8.79680862e+01 9.20326233e-01
    8.59667740e+01 9.21133518e-01 8.75402527e+01 9.20839071e-01
    9.22737885e+01 9.20068145e-01 9.78213501e+01 9.21687067e-01
    9.20299454e+01 9.23049092e-01 8.98657303e+01 9.22600806e-01
    9.02789688e+01 9.21659589e-01 8.77901917e+01 9.23817933e-01
    8.46243286e+01 9.26261365e-01 7.71737366e+01 9.26402390e-01
    8.25784912e+01 9.26251590e-01 7.97416687e+01 9.26796079e-01
    8.72403946e+01 9.25612807e-01 9.06092453e+01 9.23536241e-01
    9.89396667e+01 9.23230171e-01 9.29153137e+01 9.19148207e-01
    9.67614136e+01 9.23634589e-01 8.71187286e+01 9.40927565e-01
    8.40427094e+01 9.22177374e-01 8.17315292e+01 9.24085617e-01
    7.77078629e+01 9.24264669e-01 9.58427811e+01 9.32019353e-01
    8.80658951e+01 9.19440866e-01 7.87500534e+01 9.23031449e-01
    8.17003555e+01 9.21655893e-01 7.85802536e+01 9.28619921e-01
    9.48637848e+01 9.30075884e-01 8.48945313e+01 9.34165001e-01
    8.91386261e+01 9.34485376e-01 8.44099350e+01 9.42446709e-01
    8.57975616e+01 9.41541314e-01 8.00582962e+01 9.45137143e-01
    8.65233459e+01 9.39012825e-01 7.49076843e+01 9.47013199e-01
    7.16394043e+01 9.40322995e-01 8.24218063e+01 9.39549387e-01
    8.06464996e+01 9.33609486e-01 8.31175079e+01 9.22838748e-01
    8.76736526e+01 9.22282338e-01 7.68013458e+01 9.24983084e-01
    7.67287750e+01 9.26319659e-01 7.58162689e+01 9.29852664e-01
    6.88366241e+01 9.32508349e-01 6.79340744e+01 9.35950875e-01
    6.57517014e+01 9.38830316e-01 6.75425415e+01 9.38360333e-01
    6.70930939e+01 9.34530258e-01 7.03373184e+01 9.35416639e-01
    7.03088989e+01 9.30399954e-01 9.05226974e+01 9.36793149e-01
    7.56400375e+01 9.27034855e-01 7.43323441e+01 9.27119792e-01
    7.51880417e+01 9.23393369e-01 7.63822250e+01 9.24860954e-01
    7.57494431e+01 9.27017570e-01 7.48483810e+01 9.26621795e-01
    7.77623291e+01 9.26461756e-01 7.37155228e+01 9.28439736e-01
    7.22764359e+01 9.31300044e-01 7.38172150e+01 9.29662704e-01
    7.13467865e+01 9.31956649e-01 6.91640167e+01 9.34452772e-01
    6.70058365e+01 9.38302815e-01 6.85089417e+01 9.35389578e-01
    6.76103668e+01 9.37130094e-01 6.73502197e+01 9.35814559e-01
    6.86962357e+01 9.33294117e-01 7.16223145e+01 9.30554152e-01
    7.24834595e+01 9.28083599e-01 7.45496979e+01 9.26892698e-01
    7.32726440e+01 9.28694427e-01 7.38589935e+01 9.24895346e-01
    7.33095093e+01 9.25899744e-01 7.52495880e+01 9.24635649e-01
    6.90371552e+01 9.33836758e-01 7.95206833e+01 9.20557022e-01
    8.71053085e+01 9.16038990e-01 9.43655777e+01 9.19380426e-01
    9.91693573e+01 9.15644586e-01 1.03761459e+02 9.20657635e-01
    8.91013641e+01 9.16080236e-01 8.93330994e+01 9.12988067e-01
    8.50609665e+01 9.20157373e-01 8.37386932e+01 9.16984618e-01
    8.74293518e+01 9.15095747e-01 8.95924301e+01 9.10143852e-01
    1.07052086e+02 9.19547856e-01 9.16423492e+01 9.27631795e-01
    7.83326950e+01 9.35862720e-01 7.17354355e+01 9.42330003e-01
    6.42254715e+01 9.43858862e-01 6.48630981e+01 9.37063813e-01
    6.98046494e+01 9.30364907e-01 7.55296936e+01 9.24018264e-01
    9.37368393e+01 9.19140518e-01 8.84710007e+01 9.20254111e-01
    9.82741699e+01 9.22904491e-01 8.51049576e+01 9.19179499e-01
    8.86418228e+01 9.15762007e-01 8.71537628e+01 9.16584611e-01
    8.40043030e+01 9.17538285e-01 8.27229309e+01 9.17954147e-01
    9.66083679e+01 9.23999012e-01 8.32081451e+01 9.19230878e-01
    9.37329865e+01 9.24077272e-01 7.74473801e+01 9.36540782e-01
    8.21821747e+01 9.32946742e-01 6.55651779e+01 9.41600442e-01
    6.72242203e+01 9.36257303e-01 7.22563553e+01 9.29959357e-01
    7.43665009e+01 9.27824199e-01 8.20119095e+01 9.09725130e-01</data></Wspolczynniki_Ksztaltu>
</opencv_storage>
