<?xml version="1.0"?>
<opencv_storage>
<Wspolczynniki_Ksztaltu type_id="opencv-matrix">
  <rows>324</rows>
  <cols>2</cols>
  <dt>f</dt>
  <data>
    1.56202515e+02 9.23746526e-01 1.62587570e+02 9.20298338e-01
    1.59368805e+02 9.21326101e-01 1.40128479e+02 9.25239861e-01
    1.86141205e+02 9.14127588e-01 1.75321198e+02 9.18348610e-01
    1.61943298e+02 9.20863152e-01 1.59003632e+02 9.22132969e-01
    1.46837891e+02 9.23522174e-01 1.39909912e+02 9.23749030e-01
    1.44164581e+02 9.16875720e-01 1.61119125e+02 9.20753896e-01
    1.57000656e+02 9.21191394e-01 1.52899155e+02 9.20755565e-01
    1.49145828e+02 9.21796322e-01 1.37126450e+02 9.24972832e-01
    1.50407166e+02 9.21767712e-01 1.56039932e+02 9.20255721e-01
    1.68352646e+02 9.19916630e-01 1.69378876e+02 9.19617534e-01
    1.67730103e+02 9.23507750e-01 1.68586655e+02 9.20068443e-01
    1.58646652e+02 9.21255887e-01 1.38207199e+02 9.23845530e-01
    1.52269287e+02 9.21804845e-01 1.62040817e+02 9.16333556e-01
    1.54095474e+02 9.20467436e-01 1.43109512e+02 9.23882663e-01
    1.52323868e+02 9.28891659e-01 1.53496063e+02 9.27259743e-01
    1.47603348e+02 9.30755436e-01 1.43531311e+02 9.28090870e-01
    1.36096420e+02 9.30785656e-01 1.32549088e+02 9.24831569e-01
    1.25062889e+02 9.20896769e-01 1.51686066e+02 9.29394007e-01
    1.92755814e+02 9.17690396e-01 1.90181061e+02 9.16025937e-01
    1.92522766e+02 9.18031216e-01 1.95879318e+02 9.15118873e-01
    1.91627899e+02 9.13557887e-01 1.91728043e+02 9.14807737e-01
    1.66319870e+02 9.25349295e-01 2.00931778e+02 9.18371379e-01
    2.02963455e+02 9.17985797e-01 1.92531433e+02 9.18583870e-01
    1.70025772e+02 9.19848442e-01 1.64628448e+02 9.24311042e-01
    1.61463699e+02 9.17210937e-01 2.01319229e+02 9.19128180e-01
    1.73826614e+02 9.21369016e-01 1.43618942e+02 9.24445212e-01
    1.91438553e+02 9.17202234e-01 1.89644348e+02 9.20717120e-01
    1.83267242e+02 9.18239653e-01 1.96268326e+02 9.14468050e-01
    1.60947495e+02 9.17871296e-01 1.83842972e+02 9.19618487e-01
    1.89420883e+02 9.19915020e-01 1.87278610e+02 9.19826210e-01
    1.74184326e+02 9.19197381e-01 1.67189209e+02 9.20667827e-01
    1.57456757e+02 9.21536624e-01 1.73886566e+02 9.24409866e-01
    1.65629272e+02 9.21190441e-01 1.78780533e+02 9.24801588e-01
    1.77197662e+02 9.24218535e-01 1.60093857e+02 9.28122699e-01
    1.54829742e+02 9.25924063e-01 1.64584381e+02 9.25667942e-01
    1.71313522e+02 9.23173904e-01 1.46821991e+02 9.30319428e-01
    1.41739670e+02 9.28028941e-01 1.75080139e+02 9.26078141e-01
    1.65227264e+02 9.27052200e-01 1.75512054e+02 9.25547659e-01
    1.86561447e+02 9.19903159e-01 1.65189072e+02 9.23862994e-01
    1.55001343e+02 9.24944639e-01 1.57859924e+02 9.26973879e-01
    1.51531952e+02 9.28577781e-01 1.62842911e+02 9.25682425e-01
    1.72613541e+02 9.24236834e-01 1.59128159e+02 9.23503160e-01
    1.41100311e+02 9.28037882e-01 1.36302475e+02 9.30404544e-01
    1.70713104e+02 9.27377522e-01 1.61494873e+02 9.27986264e-01
    1.68316040e+02 9.26232934e-01 1.56230789e+02 9.26290512e-01
    1.50568939e+02 9.28499877e-01 1.38733795e+02 9.26450193e-01
    1.44956421e+02 9.30826962e-01 1.45385849e+02 9.28236365e-01
    1.42714233e+02 9.28146362e-01 1.45597916e+02 9.27939117e-01
    1.40326279e+02 9.28586125e-01 1.36542633e+02 9.28796172e-01
    1.43654358e+02 9.25042331e-01 1.69614243e+02 9.28838313e-01
    1.72133240e+02 9.24593806e-01 1.69539658e+02 9.26583886e-01
    1.41831940e+02 9.24540699e-01 1.54631271e+02 9.21992719e-01
    1.45656509e+02 9.23052192e-01 1.37530579e+02 9.25918996e-01
    1.36353455e+02 9.24762249e-01 1.39978317e+02 9.23386693e-01
    1.37726944e+02 9.25943732e-01 1.54407013e+02 9.21601892e-01
    1.58620544e+02 9.21005011e-01 1.33627228e+02 9.27445889e-01
    1.59273438e+02 9.21494782e-01 1.58223663e+02 9.20297384e-01
    1.44274353e+02 9.25225437e-01 1.35954910e+02 9.26386952e-01
    1.38844193e+02 9.27864611e-01 1.21518196e+02 9.32801187e-01
    1.16119492e+02 9.35451031e-01 1.17269371e+02 9.34770525e-01
    1.27704887e+02 9.29049850e-01 1.51595123e+02 9.28606093e-01
    1.56781616e+02 9.25015390e-01 1.48565811e+02 9.21815097e-01
    1.33641525e+02 9.20647800e-01 1.60003418e+02 9.29808676e-01
    1.71260406e+02 9.29081976e-01 1.85021240e+02 9.25912559e-01
    1.68827499e+02 9.28473175e-01 1.60477264e+02 9.30431962e-01
    1.56889511e+02 9.26894367e-01 1.61548111e+02 9.18304205e-01
    1.63724304e+02 9.27892268e-01 1.70583115e+02 9.22842264e-01
    1.72753326e+02 9.25080001e-01 1.57293991e+02 9.26934063e-01
    1.63061646e+02 9.22908485e-01 1.51051804e+02 9.18727338e-01
    1.74147568e+02 9.30671036e-01 1.76017151e+02 9.30506170e-01
    1.88264923e+02 9.24408495e-01 1.77262161e+02 9.27106142e-01
    1.69955551e+02 9.24513459e-01 1.56775406e+02 9.26043034e-01
    1.57771988e+02 9.28736508e-01 1.63391510e+02 9.26741183e-01
    1.60895950e+02 9.27691221e-01 1.61332550e+02 9.23450589e-01
    1.65925735e+02 9.24386382e-01 1.36903275e+02 9.27257061e-01
    1.48343399e+02 9.29077029e-01 1.33806946e+02 9.27105844e-01
    1.37689224e+02 9.34126556e-01 1.67842346e+02 9.31201637e-01
    1.72047546e+02 9.31258678e-01 1.70694260e+02 9.27218258e-01
    1.59361481e+02 9.26825821e-01 1.47418198e+02 9.26643610e-01
    1.45556000e+02 9.21062827e-01 1.69543961e+02 9.28351045e-01
    1.76365845e+02 9.22536016e-01 1.45599106e+02 9.28562701e-01
    1.62703491e+02 9.24628615e-01 1.75368622e+02 9.19768155e-01
    1.79580811e+02 9.16934192e-01 2.12201569e+02 9.18364882e-01
    2.06418579e+02 9.19543386e-01 2.15491928e+02 9.17963147e-01
    2.13289261e+02 9.17923868e-01 1.95063034e+02 9.16811526e-01
    1.66691498e+02 9.19315517e-01 1.82722305e+02 9.20599699e-01
    1.81744522e+02 9.19271231e-01 1.94420700e+02 9.16166008e-01
    1.76994431e+02 9.21676457e-01 1.71134521e+02 9.23225760e-01
    1.76019806e+02 9.20630634e-01 1.93799118e+02 9.23626006e-01
    1.95235397e+02 9.24870789e-01 2.05837585e+02 9.23707426e-01
    1.99517746e+02 9.22320306e-01 1.89299805e+02 9.20976400e-01
    1.80665512e+02 9.22885239e-01 1.67638794e+02 9.20839012e-01
    1.79507370e+02 9.23737764e-01 1.76641861e+02 9.25460398e-01
    1.59299591e+02 9.28029537e-01 1.57932770e+02 9.28005278e-01
    1.53237671e+02 9.27460909e-01 1.55254669e+02 9.25202489e-01
    1.64788818e+02 9.21493471e-01 1.67028915e+02 9.23711419e-01
    1.78259872e+02 9.24252212e-01 1.55152802e+02 9.25812542e-01
    1.49879364e+02 9.24955428e-01 1.72317123e+02 9.15810645e-01
    1.88609131e+02 9.25211430e-01 2.11579315e+02 9.25761104e-01
    2.30048782e+02 9.25224185e-01 2.24850601e+02 9.23360050e-01
    2.21004547e+02 9.21209753e-01 1.90962921e+02 9.21929777e-01
    1.98132416e+02 9.22877729e-01 2.08134323e+02 9.22639906e-01
    2.24849304e+02 9.21524048e-01 2.22591995e+02 9.21557903e-01
    2.17562042e+02 9.22508121e-01 2.04573441e+02 9.21027660e-01
    1.73714203e+02 9.21422362e-01 2.08946671e+02 9.19285655e-01
    2.12647232e+02 9.22372639e-01 2.18866501e+02 9.21791673e-01
    1.61235489e+02 9.27731097e-01 2.24640778e+02 9.20802772e-01
    2.10581329e+02 9.20298219e-01 2.00516556e+02 9.17233765e-01
    1.92710846e+02 9.16668415e-01 1.73471924e+02 9.25856590e-01
    2.00066269e+02 9.27510679e-01 2.26850754e+02 9.26304042e-01
    2.26303101e+02 9.25601482e-01 2.12669754e+02 9.23883915e-01
    2.03213852e+02 9.22509253e-01 1.86916550e+02 9.21202123e-01
    1.86538315e+02 9.12878692e-01 1.96218475e+02 9.23959434e-01
    1.98208771e+02 9.27236617e-01 1.93861725e+02 9.23008978e-01
    1.27155708e+02 9.29471374e-01 1.37268295e+02 9.26338673e-01
    1.47427414e+02 9.22531545e-01 1.53060806e+02 9.18592095e-01
    1.35926605e+02 9.21654820e-01 1.32839050e+02 9.30157423e-01
    1.37839005e+02 9.17990625e-01 1.53859726e+02 9.25631046e-01
    1.46169861e+02 9.24575984e-01 1.58063248e+02 9.24267709e-01
    1.31103592e+02 9.28523839e-01 1.53695496e+02 9.22315478e-01
    1.48070908e+02 9.23180342e-01 1.50397430e+02 9.26528573e-01
    1.30113937e+02 9.25143301e-01 1.48315109e+02 9.25844014e-01
