<?xml version="1.0"?>
<opencv_storage>
<Wspolczynniki_Ksztaltu type_id="opencv-matrix">
  <rows>200</rows>
  <cols>2</cols>
  <dt>f</dt>
  <data>
    1.12399246e+02 9.33365941e-01 1.14199425e+02 9.29033399e-01
    1.11916885e+02 9.28308427e-01 1.03189148e+02 9.32224154e-01
    9.91773148e+01 9.30040419e-01 9.75100708e+01 9.38144147e-01
    1.11723831e+02 9.33476806e-01 1.06394478e+02 9.31897283e-01
    1.15451241e+02 9.25857961e-01 1.11044395e+02 9.26304460e-01
    1.16223526e+02 9.24274325e-01 1.12621849e+02 9.25715208e-01
    1.00833069e+02 9.35820401e-01 1.01870621e+02 9.36834097e-01
    1.27225868e+02 9.27148819e-01 1.17650681e+02 9.28726792e-01
    1.22490227e+02 9.28245366e-01 1.15170082e+02 9.28382397e-01
    1.13394173e+02 9.30018127e-01 1.04189667e+02 9.32975233e-01
    9.98130112e+01 9.36999321e-01 1.02468979e+02 9.31395710e-01
    9.98764343e+01 9.33217764e-01 1.12624626e+02 9.25482213e-01
    1.03058083e+02 9.32904065e-01 1.16852753e+02 9.24872577e-01
    1.00057747e+02 9.28408265e-01 1.11934677e+02 9.27818418e-01
    1.06375633e+02 9.27300930e-01 1.15374901e+02 9.22943771e-01
    9.28617859e+01 9.32312787e-01 9.72724152e+01 9.34852719e-01
    1.13454933e+02 9.27714825e-01 1.08831429e+02 9.28711057e-01
    1.09408333e+02 9.27794218e-01 1.20854416e+02 9.24818814e-01
    1.18767502e+02 9.23684239e-01 1.19606064e+02 9.24296439e-01
    1.13003883e+02 9.25598681e-01 1.13816841e+02 9.30654049e-01
    1.20963577e+02 9.30312812e-01 1.27699257e+02 9.25502181e-01
    1.18352295e+02 9.25958872e-01 1.23839195e+02 9.27141786e-01
    1.10192085e+02 9.31643605e-01 1.06202675e+02 9.35228467e-01
    1.02148163e+02 9.38420117e-01 9.53263092e+01 9.39088106e-01
    1.06198975e+02 9.32041109e-01 1.10769249e+02 9.31009948e-01
    1.01875282e+02 9.32770848e-01 1.09531731e+02 9.26375389e-01
    9.69971085e+01 9.38699841e-01 1.02563362e+02 9.34534073e-01
    1.11930214e+02 9.31429446e-01 1.07412216e+02 9.31879222e-01
    9.27796326e+01 9.39041376e-01 1.13130615e+02 9.31629598e-01
    1.06976547e+02 9.33038294e-01 1.03997917e+02 9.33275700e-01
    1.03687675e+02 9.32812810e-01 9.59396515e+01 9.37800705e-01
    1.03595558e+02 9.35490370e-01 1.05365479e+02 9.32505965e-01
    1.06701721e+02 9.35049593e-01 1.16295425e+02 9.28426206e-01
    1.16440254e+02 9.28401411e-01 1.14307251e+02 9.30688381e-01
    1.04665184e+02 9.32591379e-01 9.87995911e+01 9.36712086e-01
    9.84977341e+01 9.33466971e-01 9.27863922e+01 9.37428057e-01
    9.61643372e+01 9.38447535e-01 9.75666351e+01 9.33771729e-01
    9.74705887e+01 9.32857633e-01 9.92092209e+01 9.31751788e-01
    9.03360748e+01 9.36794698e-01 9.64817200e+01 9.34865654e-01
    9.16712723e+01 9.37190473e-01 9.22423706e+01 9.35027361e-01
    9.48355103e+01 9.35030282e-01 9.83815918e+01 9.32776392e-01
    9.81330566e+01 9.34973300e-01 9.63270798e+01 9.34135079e-01
    9.91313629e+01 9.34198618e-01 9.28224030e+01 9.37102139e-01
    8.85159836e+01 9.36358273e-01 1.04806862e+02 9.33183789e-01
    9.05830688e+01 9.34126675e-01 8.70400238e+01 9.36329663e-01
    9.24945221e+01 9.38931346e-01 9.80592728e+01 9.35498476e-01
    9.16602707e+01 9.37875152e-01 1.03775635e+02 9.33479369e-01
    9.70306091e+01 9.31511343e-01 1.05402618e+02 9.31677997e-01
    1.03331520e+02 9.32864249e-01 1.02173187e+02 9.34627950e-01
    1.02155434e+02 9.35530245e-01 9.95314789e+01 9.38135147e-01
    9.46748123e+01 9.41785872e-01 1.06536942e+02 9.32681143e-01
    1.07624474e+02 9.32635367e-01 1.06905548e+02 9.34868515e-01
    1.01051788e+02 9.37926471e-01 1.11138634e+02 9.29498851e-01
    1.22028839e+02 9.28113341e-01 1.14490036e+02 9.29426849e-01
    1.15285423e+02 9.29382563e-01 1.14239754e+02 9.31601763e-01
    1.06889946e+02 9.35831606e-01 1.24659348e+02 9.29200828e-01
    1.32000488e+02 9.24350679e-01 1.31904572e+02 9.24528360e-01
    1.31650757e+02 9.23864007e-01 1.28779892e+02 9.26369727e-01
    1.23860023e+02 9.28896785e-01 1.08713036e+02 9.33301151e-01
    1.20158043e+02 9.28046882e-01 1.14854774e+02 9.32908237e-01
    1.17917961e+02 9.31793332e-01 1.17049904e+02 9.32569921e-01
    1.16644669e+02 9.33724761e-01 1.03898911e+02 9.36104834e-01
    1.10697327e+02 9.31012809e-01 1.15962135e+02 9.27361131e-01
    1.18936409e+02 9.25613999e-01 1.22217926e+02 9.27613795e-01
    1.22044952e+02 9.27265406e-01 1.15968384e+02 9.26490545e-01
    1.06316757e+02 9.33117568e-01 1.27206123e+02 9.22109187e-01
    1.29216248e+02 9.23001409e-01 1.22720039e+02 9.26894903e-01
    1.19606544e+02 9.29574490e-01 1.25601120e+02 9.25238550e-01
    1.10328201e+02 9.29934919e-01 1.29518814e+02 9.21561003e-01
    1.33321716e+02 9.22355831e-01 1.30088928e+02 9.23996627e-01
    1.32349274e+02 9.26243901e-01 1.20037155e+02 9.28929746e-01
    1.22428833e+02 9.30289149e-01 1.36461639e+02 9.22879994e-01
    1.43612915e+02 9.22151566e-01 1.26783997e+02 9.26820040e-01
    1.27139618e+02 9.31701183e-01 1.27089050e+02 9.32757378e-01
    1.13309479e+02 9.34326589e-01 1.23188103e+02 9.31204021e-01
    1.30698868e+02 9.23046410e-01 1.20924042e+02 9.25869107e-01
    8.56556168e+01 9.42564487e-01 8.66779404e+01 9.39779341e-01
    9.00797119e+01 9.38296676e-01 9.01238022e+01 9.38379169e-01
    9.43700790e+01 9.36776638e-01 9.59298325e+01 9.35895979e-01
    8.91608429e+01 9.37412024e-01 8.93156128e+01 9.42661226e-01
    8.74585190e+01 9.37891483e-01 8.91346130e+01 9.39059198e-01
    9.55307846e+01 9.36430752e-01 9.42344055e+01 9.35169518e-01
    8.70192261e+01 9.41571057e-01 9.78566818e+01 9.32744503e-01
    9.92249451e+01 9.32669103e-01 9.52211075e+01 9.35881615e-01
    9.61597824e+01 9.35016751e-01 9.01995468e+01 9.38022614e-01
    8.67713089e+01 9.39770222e-01 8.74132996e+01 9.39804614e-01
    8.90151215e+01 9.39243853e-01 9.26260529e+01 9.34771001e-01
    8.87178726e+01 9.35320675e-01 1.05704849e+02 9.37545180e-01
    1.05105896e+02 9.37050879e-01 1.07632843e+02 9.34454381e-01
    1.05492172e+02 9.34290171e-01 1.06216125e+02 9.34493601e-01
    1.06960251e+02 9.33022618e-01 1.06951508e+02 9.33440208e-01
    9.65830383e+01 9.40688014e-01 9.58508911e+01 9.37436879e-01
    1.05936348e+02 9.37642694e-01 9.72888565e+01 9.39670801e-01
    9.50739822e+01 9.40108061e-01 9.71538010e+01 9.37418759e-01
    9.76044083e+01 9.42643285e-01 9.63050232e+01 9.41183507e-01
    9.76743851e+01 9.36581135e-01 9.49121017e+01 9.40868139e-01
    9.13894348e+01 9.42896605e-01 8.92972794e+01 9.43919539e-01
    8.67462692e+01 9.44189668e-01 9.63338852e+01 9.40281570e-01
    8.50900116e+01 9.43286955e-01 9.22688446e+01 9.40416992e-01
    8.75648346e+01 9.40212011e-01 8.51511688e+01 9.44000483e-01</data></Wspolczynniki_Ksztaltu>
</opencv_storage>
