<?xml version="1.0"?>
<opencv_storage>
<Wspolczynniki_Ksztaltu type_id="opencv-matrix">
  <rows>387</rows>
  <cols>2</cols>
  <dt>f</dt>
  <data>
    1.26627907e+02 9.20263767e-01 1.31596298e+02 9.19552982e-01
    1.27917236e+02 9.21799183e-01 1.34524719e+02 9.24035251e-01
    1.34027954e+02 9.23689306e-01 1.28416107e+02 9.19621348e-01
    1.32813263e+02 9.24944043e-01 1.31415268e+02 9.24843252e-01
    1.28488312e+02 9.25064027e-01 1.31523315e+02 9.23898220e-01
    1.31168991e+02 9.22156811e-01 1.33873383e+02 9.19174969e-01
    1.31394745e+02 9.19752836e-01 1.29151291e+02 9.20466363e-01
    1.24422653e+02 9.22245800e-01 1.22496490e+02 9.18340325e-01
    1.24808601e+02 9.19371545e-01 1.22213623e+02 9.17582273e-01
    1.16472702e+02 9.16401923e-01 1.15512177e+02 9.15583849e-01
    1.17101418e+02 9.19152498e-01 1.16641869e+02 9.18772042e-01
    1.24930748e+02 9.18410659e-01 1.27599586e+02 9.18549538e-01
    1.27459984e+02 9.21007216e-01 1.35925125e+02 9.21132863e-01
    1.30361160e+02 9.21875477e-01 1.24667816e+02 9.21167195e-01
    1.34128250e+02 9.22839701e-01 1.32887604e+02 9.24099326e-01
    1.30788574e+02 9.26441133e-01 1.27953064e+02 9.27195430e-01
    1.32799850e+02 9.28642213e-01 1.30892624e+02 9.28682804e-01
    1.31492462e+02 9.29162741e-01 1.27924080e+02 9.26934123e-01
    1.34477570e+02 9.24369037e-01 1.30794815e+02 9.25144494e-01
    1.27589081e+02 9.20485616e-01 1.29710007e+02 9.23885345e-01
    1.36468704e+02 9.22385216e-01 1.15762199e+02 9.19093549e-01
    1.36799423e+02 9.22258914e-01 1.35281906e+02 9.24356043e-01
    1.31679764e+02 9.27709520e-01 1.33013443e+02 9.25844908e-01
    1.29253571e+02 9.29192841e-01 1.24389145e+02 9.28550661e-01
    1.25542000e+02 9.28618193e-01 1.31986572e+02 9.27537441e-01
    1.31298187e+02 9.25254047e-01 1.30562424e+02 9.24808204e-01
    1.33059570e+02 9.24125433e-01 1.34313080e+02 9.21842396e-01
    1.38707321e+02 9.20093179e-01 1.29061554e+02 9.18739974e-01
    1.33670822e+02 9.33164954e-01 1.38943848e+02 9.36275244e-01
    1.30710037e+02 9.34562027e-01 1.32374542e+02 9.37539518e-01
    1.34817047e+02 9.34832752e-01 1.40880875e+02 9.33354557e-01
    1.22732796e+02 9.36825573e-01 1.41550537e+02 9.26908314e-01
    1.43195755e+02 9.26544785e-01 1.46759033e+02 9.23542738e-01
    1.29840027e+02 9.29038882e-01 1.51761917e+02 9.27346587e-01
    1.48564163e+02 9.24529552e-01 1.38106216e+02 9.25778866e-01
    1.65991089e+02 9.18389022e-01 1.67647324e+02 9.14426565e-01
    1.48034027e+02 9.20639575e-01 1.42542404e+02 9.29443181e-01
    1.37802185e+02 9.28065538e-01 1.29428635e+02 9.36544657e-01
    1.39197021e+02 9.37458158e-01 1.23085876e+02 9.41416860e-01
    1.33164124e+02 9.37771142e-01 1.47933685e+02 9.29062128e-01
    1.27132858e+02 9.34733272e-01 1.48384140e+02 9.25492406e-01
    1.55762848e+02 9.22276258e-01 1.38290482e+02 9.23515737e-01
    1.62595093e+02 9.23369586e-01 1.56617874e+02 9.24639165e-01
    1.50774719e+02 9.20910239e-01 1.44321350e+02 9.15990055e-01
    1.48254990e+02 9.23385680e-01 1.44425476e+02 9.26412404e-01
    1.48448593e+02 9.35949564e-01 1.48279373e+02 9.34683740e-01
    1.19483849e+02 9.29616213e-01 1.20662125e+02 9.30718541e-01
    1.22553589e+02 9.31324303e-01 1.28595062e+02 9.31319296e-01
    1.33788742e+02 9.33744609e-01 1.37628387e+02 9.36013043e-01
    1.41727097e+02 9.36154723e-01 1.44005478e+02 9.36832309e-01
    1.44258713e+02 9.37199414e-01 1.43363159e+02 9.35693622e-01
    1.55885895e+02 9.33242977e-01 1.43050919e+02 9.34871256e-01
    1.48638687e+02 9.35158789e-01 1.32424484e+02 9.32460904e-01
    1.24191635e+02 9.31296349e-01 1.22264778e+02 9.31500793e-01
    1.58917648e+02 9.37501252e-01 1.14584389e+02 9.31599617e-01
    1.24945663e+02 9.32938278e-01 1.31874146e+02 9.30539191e-01
    1.27133057e+02 9.31970775e-01 1.36403992e+02 9.36023176e-01
    1.40228745e+02 9.36281085e-01 1.49596466e+02 9.38135922e-01
    1.19663902e+02 9.31511581e-01 1.24162872e+02 9.32709277e-01
    1.23662338e+02 9.40400898e-01 1.26873070e+02 9.37349677e-01
    1.10352425e+02 9.32553530e-01 1.10366585e+02 9.34959233e-01
    1.17652962e+02 9.34255421e-01 1.21446457e+02 9.35134768e-01
    1.17903389e+02 9.36030388e-01 1.07208763e+02 9.35936093e-01
    1.23614029e+02 9.35355663e-01 1.13426704e+02 9.37553823e-01
    1.15908752e+02 9.30358946e-01 1.14976440e+02 9.30354595e-01
    1.14814217e+02 9.32158113e-01 1.15695854e+02 9.38945532e-01
    1.35126068e+02 9.32611942e-01 1.23412193e+02 9.35187817e-01
    1.21925018e+02 9.32910562e-01 1.17422920e+02 9.32105720e-01
    1.06689766e+02 9.33261991e-01 1.17297112e+02 9.33491230e-01
    1.14042664e+02 9.33002055e-01 1.19153976e+02 9.28020775e-01
    1.05930725e+02 9.31119800e-01 1.12095627e+02 9.30244803e-01
    1.07433884e+02 9.34800327e-01 1.16843002e+02 9.34636593e-01
    1.18832886e+02 9.35047984e-01 1.08700134e+02 9.39013302e-01
    1.14948639e+02 9.29331958e-01 1.00018555e+02 9.37592030e-01
    1.14038574e+02 9.34700489e-01 1.05678551e+02 9.31513965e-01
    1.12720177e+02 9.32896614e-01 1.07553841e+02 9.32736456e-01
    1.18241516e+02 9.36450422e-01 1.26941078e+02 9.39725995e-01
    1.29016647e+02 9.36826229e-01 1.10369057e+02 9.31654036e-01
    1.41472748e+02 9.20789003e-01 1.48790680e+02 9.23275292e-01
    1.41743362e+02 9.24057543e-01 1.45487228e+02 9.22221839e-01
    1.44218430e+02 9.21608746e-01 1.41471191e+02 9.17874515e-01
    1.43724197e+02 9.17889535e-01 1.43335861e+02 9.18357849e-01
    1.45218277e+02 9.21103656e-01 1.46193253e+02 9.19530511e-01
    1.50120804e+02 9.23701882e-01 1.44457077e+02 9.22906935e-01
    1.45320618e+02 9.21288550e-01 1.43352509e+02 9.24633622e-01
    1.46564392e+02 9.20645893e-01 1.44724808e+02 9.21218812e-01
    1.45436844e+02 9.21780884e-01 1.45097748e+02 9.23508942e-01
    1.44358627e+02 9.24767196e-01 1.46324539e+02 9.25128758e-01
    1.48537292e+02 9.25931752e-01 1.46972885e+02 9.25240397e-01
    1.46312836e+02 9.24523890e-01 1.47141830e+02 9.23273921e-01
    1.44145493e+02 9.25586581e-01 1.46033325e+02 9.22701359e-01
    1.45790298e+02 9.19504285e-01 1.36340927e+02 9.18421507e-01
    1.37063919e+02 9.20183182e-01 1.39956543e+02 9.19987619e-01
    1.31667297e+02 9.19087768e-01 1.43952087e+02 9.26097155e-01
    1.44927216e+02 9.21186745e-01 1.46718231e+02 9.20733452e-01
    1.45980209e+02 9.21688318e-01 1.40995605e+02 9.26057100e-01
    1.46509781e+02 9.22337949e-01 1.48338928e+02 9.23525214e-01
    1.42514084e+02 9.23907101e-01 1.48102020e+02 9.24762130e-01
    1.49388733e+02 9.26366329e-01 1.49845551e+02 9.27150786e-01
    1.48083542e+02 9.27520335e-01 1.46384445e+02 9.27086711e-01
    1.53626846e+02 9.25465703e-01 1.48335419e+02 9.23399210e-01
    1.44520889e+02 9.25547481e-01 1.47759552e+02 9.24039841e-01
    1.47614777e+02 9.21526074e-01 1.45288589e+02 9.20567214e-01
    1.45323685e+02 9.21170771e-01 1.44982651e+02 9.24978256e-01
    1.39563873e+02 9.20608580e-01 1.43084305e+02 9.20168877e-01
    1.36410797e+02 9.21104550e-01 1.35178101e+02 9.20077145e-01
    1.47860123e+02 9.25623894e-01 1.35705048e+02 9.20199633e-01
    1.40813644e+02 9.22857642e-01 1.41390442e+02 9.25328314e-01
    1.39607254e+02 9.26263332e-01 1.38195068e+02 9.27574694e-01
    1.41189575e+02 9.29435611e-01 1.35715591e+02 9.29113567e-01
    1.41362671e+02 9.29398835e-01 1.45588608e+02 9.27570343e-01
    1.40021225e+02 9.25656140e-01 1.24395668e+02 9.32081342e-01
    1.14287537e+02 9.29028392e-01 1.15676346e+02 9.31825101e-01
    1.12763268e+02 9.31417763e-01 1.22832855e+02 9.32740271e-01
    1.17140030e+02 9.29996610e-01 1.14650078e+02 9.31099415e-01
    1.22350586e+02 9.29468036e-01 1.21152367e+02 9.27369297e-01
    1.18587578e+02 9.27440047e-01 1.20868866e+02 9.28184152e-01
    1.23330788e+02 9.25731361e-01 1.18564873e+02 9.30287600e-01
    1.19775177e+02 9.32763398e-01 1.15617989e+02 9.33107674e-01
    1.22376877e+02 9.32590604e-01 1.13764465e+02 9.35230553e-01
    1.25715752e+02 9.35534239e-01 1.26081818e+02 9.34266567e-01
    1.19988792e+02 9.35735285e-01 1.23347839e+02 9.35434461e-01
