<?xml version="1.0"?>
<opencv_storage>
<Wspolczynniki_Ksztaltu type_id="opencv-matrix">
  <rows>192</rows>
  <cols>2</cols>
  <dt>f</dt>
  <data>
    6.92367783e+01 9.57301319e-01 6.84918365e+01 9.60830450e-01
    6.44685059e+01 9.62535441e-01 6.77232971e+01 9.62719977e-01
    6.69166718e+01 9.63173449e-01 6.79375000e+01 9.63707626e-01
    6.63859634e+01 9.67006624e-01 7.34239120e+01 9.63501155e-01
    6.94359665e+01 9.66512799e-01 7.12336655e+01 9.64845181e-01
    6.70118790e+01 9.69075978e-01 6.78791733e+01 9.66314137e-01
    7.02066193e+01 9.65436339e-01 6.94774399e+01 9.64057028e-01
    6.65697403e+01 9.66584623e-01 6.36691284e+01 9.68465388e-01
    6.46258087e+01 9.62940931e-01 6.96680756e+01 9.58850801e-01
    6.96568146e+01 9.58165526e-01 6.98773880e+01 9.53601122e-01
    6.84767685e+01 9.51259077e-01 6.64314041e+01 9.73523259e-01
    5.79828529e+01 9.77975547e-01 6.73556442e+01 9.77163136e-01
    6.92907257e+01 9.75658298e-01 5.48837662e+01 9.82742727e-01
    5.16855049e+01 9.83988464e-01 6.79547501e+01 9.79375303e-01
    6.09178886e+01 9.83690262e-01 5.90961266e+01 9.83230412e-01
    5.80817566e+01 9.82161582e-01 4.97460213e+01 9.85691965e-01
    5.46116028e+01 9.81371343e-01 6.20859413e+01 9.80486751e-01
    5.08443336e+01 9.84263599e-01 4.74835205e+01 9.86579955e-01
    5.91408997e+01 9.81546223e-01 5.24313622e+01 9.84392285e-01
    5.89958954e+01 9.80716825e-01 7.65885696e+01 9.73544002e-01
    5.41995392e+01 9.79106963e-01 6.49939880e+01 9.62919533e-01
    7.35133896e+01 9.59387660e-01 6.69131622e+01 9.62670147e-01
    6.72484283e+01 9.63203430e-01 6.68913498e+01 9.64419782e-01
    6.72589417e+01 9.65629935e-01 6.50472794e+01 9.63755131e-01
    6.59359818e+01 9.63513851e-01 6.62336655e+01 9.63574767e-01
    6.46248016e+01 9.65176165e-01 6.55585251e+01 9.64411855e-01
    6.58256454e+01 9.63762522e-01 7.02147827e+01 9.64943230e-01
    6.67687683e+01 9.63963807e-01 6.65235901e+01 9.61400688e-01
    6.58802719e+01 9.61389840e-01 6.93974152e+01 9.55132961e-01
    7.14953842e+01 9.52388167e-01 1.13559639e+02 9.32103455e-01
    1.14451591e+02 9.42138612e-01 1.11453972e+02 9.44645286e-01
    1.05862930e+02 9.49930131e-01 1.05451599e+02 9.51218605e-01
    1.04598038e+02 9.55997884e-01 8.73550186e+01 9.61108148e-01
    8.51896515e+01 9.61502612e-01 1.00901985e+02 9.51646090e-01
    9.52206955e+01 9.55076337e-01 9.97012939e+01 9.54212725e-01
    8.93219070e+01 9.60451782e-01 1.05205437e+02 9.44658697e-01
    8.04425735e+01 9.61358368e-01 1.24679916e+02 9.31283593e-01
    6.71660919e+01 9.65133071e-01 6.81946106e+01 9.61726010e-01
    1.02986191e+02 9.27840054e-01 1.03559814e+02 9.24728811e-01
    1.09778786e+02 9.19530809e-01 1.07506744e+02 9.18002784e-01
    1.10369118e+02 9.35707390e-01 6.45864792e+01 9.67573583e-01
    6.77725449e+01 9.69331443e-01 6.96461639e+01 9.70146000e-01
    7.22227554e+01 9.70353127e-01 7.20730667e+01 9.72640097e-01
    6.70585938e+01 9.74201560e-01 6.97970886e+01 9.73537624e-01
    6.73329391e+01 9.75470841e-01 6.68310699e+01 9.75006163e-01
    6.65784454e+01 9.75144207e-01 6.96276627e+01 9.73287880e-01
    6.91024170e+01 9.73413408e-01 6.51323395e+01 9.75426733e-01
    6.92109222e+01 9.73388076e-01 6.97050858e+01 9.68304336e-01
    6.48780594e+01 9.69888210e-01 1.10577820e+02 9.33544755e-01
    1.08760872e+02 9.31603014e-01 8.85330353e+01 9.28429246e-01
    8.39811783e+01 9.35813665e-01 8.24186935e+01 9.35667634e-01
    7.88406525e+01 9.44423199e-01 8.05793152e+01 9.45888340e-01
    8.26259308e+01 9.42335427e-01 7.79504700e+01 9.49868083e-01
    6.62625656e+01 9.68169272e-01 6.10647926e+01 9.67389405e-01
    6.51500931e+01 9.69847143e-01 6.01954994e+01 9.70066369e-01
    6.02316551e+01 9.73286688e-01 5.86550407e+01 9.71722126e-01
    5.73528442e+01 9.72242892e-01 5.90029411e+01 9.71940160e-01
    6.04928284e+01 9.72727895e-01 5.94689980e+01 9.73368824e-01
    5.77214508e+01 9.73328829e-01 5.98511200e+01 9.71087217e-01
    6.74952393e+01 9.68238115e-01 6.33029861e+01 9.64711189e-01
    7.87608032e+01 9.57785904e-01 7.75512085e+01 9.49040949e-01
    8.84801636e+01 9.49543118e-01 8.61381683e+01 9.39795971e-01
    8.91614075e+01 9.47589874e-01 8.27164917e+01 9.36034918e-01
    8.91729507e+01 9.43318546e-01 8.97286758e+01 9.42927897e-01
    9.05586853e+01 9.24702168e-01 1.15575150e+02 9.35336947e-01
    1.08366783e+02 9.42291081e-01 1.03694221e+02 9.43345070e-01
    1.03193443e+02 9.39864635e-01 1.10553131e+02 9.44322169e-01
    1.04527412e+02 9.46725070e-01 1.17917732e+02 9.45500731e-01
    1.02812477e+02 9.45348263e-01 1.14320274e+02 9.49089408e-01
    1.01987122e+02 9.46585774e-01 1.35665543e+02 9.47308719e-01
    1.07704491e+02 9.49632943e-01 9.48675385e+01 9.46751893e-01
    9.64326401e+01 9.49719191e-01 9.91584167e+01 9.47923064e-01
    1.00882111e+02 9.48621869e-01 9.97761841e+01 9.47677851e-01
    1.01226692e+02 9.38988268e-01 9.96445770e+01 9.40607607e-01
    1.24824043e+02 9.47477520e-01 1.12736107e+02 9.37934577e-01
    1.06960388e+02 9.44618106e-01 9.16056366e+01 9.39698219e-01
    7.42541962e+01 9.50036347e-01 6.79120865e+01 9.58154380e-01
    7.00116425e+01 9.56516981e-01 6.41698074e+01 9.62800264e-01
    6.46068192e+01 9.62723851e-01 6.12039070e+01 9.67989862e-01
    6.67932663e+01 9.65885758e-01 6.62499695e+01 9.63545442e-01
    6.47664795e+01 9.67741668e-01 6.38297539e+01 9.65780616e-01
    6.29145966e+01 9.67963278e-01 6.23133392e+01 9.70225096e-01
    6.47840576e+01 9.68318760e-01 6.50409012e+01 9.68438387e-01
    6.51370468e+01 9.68361020e-01 6.45338898e+01 9.67343986e-01
    6.04231224e+01 9.67691183e-01 6.20753784e+01 9.66169953e-01
    6.40549698e+01 9.65882182e-01 6.35175476e+01 9.63954091e-01
    6.77805786e+01 9.59900022e-01 6.47150421e+01 9.61419046e-01
    9.32070389e+01 9.36379135e-01 9.65755997e+01 9.35802221e-01
    9.27672806e+01 9.41194773e-01 8.46340103e+01 9.46014285e-01
    8.63792343e+01 9.55860436e-01 7.81013794e+01 9.61694658e-01
    7.80787506e+01 9.61541891e-01 8.24394073e+01 9.50587451e-01
    8.32523041e+01 9.50918972e-01 8.04810944e+01 9.62024331e-01
    8.24173889e+01 9.60208833e-01 8.23054504e+01 9.61332798e-01
    7.99786453e+01 9.62315917e-01 8.20544891e+01 9.58536208e-01
    8.53885574e+01 9.46856499e-01 9.04809875e+01 9.41572547e-01
    9.55166931e+01 9.36444938e-01 1.02316879e+02 9.39772487e-01</data></Wspolczynniki_Ksztaltu>
</opencv_storage>
